# DoReDog MIDI extraction
# source,Mutopia Project (public domain, LilyPond)
# ticks_per_quarter,384
# meta,0,0,tempo,375000
# meta,0,0,time_signature,2/2
track,channel,pitch,vel,start,end
2,0,55,80,0,384
1,0,62,80,0,384
1,0,62,80,0,384
1,0,62,80,0,384
1,0,71,80,0,384
1,0,71,80,0,384
1,0,71,80,0,384
1,0,79,80,0,384
1,0,79,80,0,384
2,0,50,80,768,1152
1,0,62,80,768,1152
1,0,62,80,768,1152
1,0,62,80,768,1152
1,0,69,80,768,1152
1,0,72,80,768,1152
1,0,74,80,768,1152
1,0,78,80,768,1152
1,0,81,80,768,1152
2,0,43,80,1536,1920
1,0,62,80,1536,1920
1,0,62,80,1536,1920
1,0,62,80,1536,1920
1,0,71,80,1536,1920
1,0,71,80,1536,1920
1,0,74,80,1536,1920
1,0,79,80,1536,1920
1,0,83,80,1536,1920
1,0,62,80,2688,3072
2,0,59,80,3072,3456
2,0,55,80,3456,3840
1,0,60,80,3840,4224
2,0,57,80,4224,4608
2,0,54,80,4608,4992
2,0,57,80,4992,5184
2,0,54,80,5184,5376
2,0,50,80,5376,5760
2,0,52,80,5760,5952
2,0,54,80,5952,6144
2,0,55,80,6144,6528
2,0,52,80,6528,6912
2,0,47,80,6912,7296
2,0,49,80,7296,7680
2,0,50,80,7680,8448
1,0,62,80,8448,8832
1,0,64,80,8832,9216
1,0,60,80,9216,9600
2,0,57,80,9600,9984
1,0,62,80,9984,10368
2,0,59,80,10368,10752
2,0,56,80,10752,11136
2,0,59,80,11136,11328
2,0,56,80,11328,11520
2,0,52,80,11520,11904
2,0,54,80,11904,12096
2,0,56,80,12096,12288
2,0,57,80,12288,12672
1,0,60,80,12672,13056
2,0,50,80,13056,13440
2,0,54,80,13440,13824
2,0,55,80,13824,14592
1,0,67,80,14592,14976
2,0,54,80,14976,15360
1,0,74,80,14976,15360
2,0,55,80,15360,15744
1,0,71,80,15360,15744
2,0,59,80,15744,16128
1,0,67,80,15744,16128
2,0,57,80,16128,16512
1,0,72,80,16128,16512
1,0,60,80,16512,16896
1,0,69,80,16512,16896
1,0,62,80,16896,18048
1,0,66,80,16896,17280
1,0,69,80,17280,17472
1,0,66,80,17472,17664
1,0,62,80,17664,18048
1,0,60,80,18048,18432
1,0,64,80,18048,18240
1,0,66,80,18240,18432
2,0,59,80,18432,18816
1,0,67,80,18432,18816
2,0,55,80,18816,19584
1,0,64,80,18816,19200
2,0,59,80,19200,19584
2,0,57,80,19584,19776
1,0,61,80,19584,19968
2,0,55,80,19776,19968
2,0,54,80,19968,20160
1,0,62,80,19968,20736
2,0,55,80,20160,20352
2,0,54,80,20352,20544
2,0,52,80,20544,20736
2,0,50,80,20736,21120
1,0,74,80,20736,21120
2,0,56,80,21120,21504
1,0,76,80,21120,21504
2,0,57,80,21504,21888
1,0,72,80,21504,21888
1,0,60,80,21888,22272
1,0,69,80,21888,22272
2,0,59,80,22272,22656
1,0,74,80,22272,22656
1,0,62,80,22656,23040
1,0,71,80,22656,23040
1,0,64,80,23040,24192
1,0,68,80,23040,23424
1,0,71,80,23424,23616
1,0,68,80,23616,23808
1,0,64,80,23808,24192
1,0,62,80,24192,24576
1,0,66,80,24192,24384
1,0,68,80,24384,24576
1,0,60,80,24576,24960
1,0,69,80,24576,24960
2,0,57,80,24960,25344
1,0,72,80,24960,25344
1,0,62,80,25344,25728
1,0,62,80,25344,25728
1,0,60,80,25728,26112
1,0,66,80,25728,26112
2,0,59,80,26112,26304
1,0,67,80,26112,26880
1,0,60,80,26304,26496
2,0,59,80,26496,26688
2,0,57,80,26688,26880
2,0,55,80,26880,27264
2,0,55,80,26880,27264
2,0,43,80,27264,27648
1,0,62,80,27264,27648
1,0,71,80,27264,27648
1,0,79,80,27264,27648
2,0,55,80,27648,30336
1,0,64,80,27648,28416
1,0,72,80,27648,28032
1,0,76,80,27648,28032
1,0,76,80,28032,28416
1,0,79,80,28032,28416
1,0,66,80,28416,29184
1,0,69,80,28416,28800
1,0,72,80,28416,28800
1,0,72,80,28800,29184
1,0,76,80,28800,29184
1,0,67,80,29184,29568
1,0,71,80,29184,29568
1,0,74,80,29184,29568
1,0,62,80,29568,29760
1,0,67,80,29568,29760
1,0,71,80,29568,29760
1,0,60,80,29760,29952
1,0,69,80,29760,29952
1,0,72,80,29760,29952
2,0,59,80,29952,30336
1,0,71,80,29952,30336
1,0,74,80,29952,30336
2,0,43,80,30336,30720
1,0,62,80,30336,30720
1,0,71,80,30336,30720
1,0,79,80,30336,30720
2,0,55,80,30720,33792
1,0,64,80,30720,31488
1,0,72,80,30720,31104
1,0,76,80,30720,31104
1,0,76,80,31104,31488
1,0,79,80,31104,31488
1,0,66,80,31488,32256
1,0,69,80,31488,31872
1,0,72,80,31488,31872
1,0,72,80,31872,32256
1,0,76,80,31872,32256
1,0,67,80,32256,32640
1,0,71,80,32256,32640
1,0,74,80,32256,32640
1,0,62,80,32640,32832
1,0,67,80,32640,32832
1,0,71,80,32640,32832
1,0,60,80,32832,33024
1,0,69,80,32832,33024
1,0,72,80,32832,33024
2,0,59,80,33024,33408
1,0,71,80,33024,33408
1,0,74,80,33024,33408
2,0,55,80,33408,33792
1,0,74,80,33408,33792
1,0,83,80,33408,33792
2,0,43,80,33792,38400
2,0,55,80,33792,38400
1,0,65,80,33792,34176
1,0,71,80,33792,34176
1,0,80,80,33792,34176
1,0,64,80,34176,34560
1,0,72,80,34176,34560
1,0,81,80,34176,34560
1,0,63,80,34560,34944
1,0,69,80,34560,34944
1,0,78,80,34560,34944
1,0,62,80,34944,35328
1,0,71,80,34944,35328
1,0,79,80,34944,35328
1,0,60,80,35328,35520
1,0,72,80,35328,35712
1,0,76,80,35328,35520
1,0,62,80,35520,35712
1,0,78,80,35520,35712
1,0,64,80,35712,35904
1,0,64,80,35712,35904
1,0,79,80,35712,35904
1,0,60,80,35904,36096
1,0,66,80,35904,36096
1,0,76,80,35904,36096
2,0,59,80,36096,36480
1,0,67,80,36096,36480
1,0,74,80,36096,36480
2,0,55,80,36480,36864
1,0,74,80,36480,36864
1,0,83,80,36480,36864
1,0,65,80,36864,37248
1,0,71,80,36864,37248
1,0,80,80,36864,37248
1,0,64,80,37248,37632
1,0,72,80,37248,37632
1,0,81,80,37248,37632
1,0,63,80,37632,38016
1,0,69,80,37632,38016
1,0,78,80,37632,38016
1,0,62,80,38016,38400
1,0,71,80,38016,38400
1,0,79,80,38016,38400
1,0,60,80,38400,38784
1,0,64,80,38400,38784
1,0,67,80,38400,38784
1,0,76,80,38400,38784
1,0,60,80,38784,39168
1,0,64,80,38784,39168
1,0,67,80,38784,39168
1,0,76,80,38784,39168
1,0,60,80,39168,39552
1,0,64,80,39168,39552
1,0,67,80,39168,39552
1,0,76,80,39168,39552
1,0,81,80,39552,39936
2,0,50,80,39936,40320
1,0,62,80,39936,40320
1,0,69,80,39936,40320
1,0,72,80,39936,40320
1,0,78,80,39936,40320
2,0,50,80,40320,40704
1,0,62,80,40320,40704
1,0,69,80,40320,40704
1,0,72,80,40320,40704
1,0,78,80,40320,40656
1,0,79,80,40656,40704
2,0,50,80,40704,41088
1,0,62,80,40704,41088
1,0,69,80,40704,41088
1,0,72,80,40704,41088
1,0,78,80,40704,41088
1,0,76,80,41088,41280
1,0,78,80,41280,41472
2,0,43,80,41472,41856
1,0,62,80,41472,41856
1,0,71,80,41472,41856
1,0,71,80,41472,41856
1,0,79,80,41472,41856
2,0,43,80,41856,42240
1,0,62,80,41856,42240
1,0,71,80,41856,42240
1,0,71,80,41856,42240
1,0,79,80,41856,42240
2,0,43,80,42240,42624
1,0,62,80,42240,42624
1,0,71,80,42240,42624
1,0,71,80,42240,42624
1,0,79,80,42240,42432
1,0,83,80,42432,42624
1,0,86,80,42624,42816
1,0,83,80,42816,43008
2,0,47,80,43008,43392
2,0,59,80,43008,43392
1,0,74,80,43008,43392
1,0,79,80,43008,43392
2,0,47,80,43392,43776
1,0,67,80,43392,43776
1,0,74,80,43392,43776
1,0,79,80,43392,43776
2,0,47,80,43776,44160
1,0,67,80,43776,44160
1,0,74,80,43776,44160
1,0,79,80,43776,44160
1,0,83,80,44160,44352
1,0,79,80,44352,44544
2,0,48,80,44544,44928
1,0,67,80,44544,44928
1,0,72,80,44544,44928
1,0,76,80,44544,44928
2,0,48,80,44928,45312
1,0,67,80,44928,45312
1,0,72,80,44928,45312
1,0,76,80,44928,45312
2,0,48,80,45312,45696
1,0,67,80,45312,45696
1,0,72,80,45312,45696
1,0,76,80,45312,45696
1,0,84,80,45696,45888
1,0,81,80,45888,46080
2,0,50,80,46080,46464
1,0,69,80,46080,46464
1,0,72,80,46080,46464
1,0,78,80,46080,46464
2,0,50,80,46464,46848
1,0,69,80,46464,46848
1,0,72,80,46464,46848
1,0,78,80,46464,46848
2,0,50,80,46848,47232
1,0,69,80,46848,47232
1,0,72,80,46848,47232
1,0,78,80,46848,47040
1,0,81,80,47040,47232
2,0,50,80,47232,47616
1,0,69,80,47232,47616
1,0,72,80,47232,47616
1,0,78,80,47232,47424
1,0,74,80,47424,47616
2,0,43,80,47616,48384
1,0,67,80,47616,48384
1,0,71,80,47616,48384
1,0,79,80,47616,48384
2,0,55,80,48384,48768
2,0,55,80,48384,48768
1,0,67,80,48384,48768
1,0,67,80,48384,48768
2,0,59,80,48768,49152
1,0,71,80,48768,49152
1,0,71,80,48768,49152
1,0,83,80,48768,49152
2,0,55,80,49152,49536
1,0,67,80,49152,49536
1,0,67,80,49152,49536
1,0,79,80,49152,49536
2,0,52,80,49536,49920
1,0,64,80,49536,49920
1,0,64,80,49536,49920
1,0,76,80,49536,49920
2,0,57,80,49920,50304
1,0,69,80,49920,50304
1,0,69,80,49920,50304
1,0,81,80,49920,50304
2,0,54,80,50304,50688
1,0,66,80,50304,50688
1,0,66,80,50304,50688
1,0,78,80,50304,50688
2,0,51,80,50688,51072
1,0,63,80,50688,51072
1,0,63,80,50688,51072
1,0,75,80,50688,51072
2,0,54,80,51072,51264
1,0,66,80,51072,51264
1,0,66,80,51072,51264
1,0,78,80,51072,51264
2,0,51,80,51264,51456
1,0,63,80,51264,51456
1,0,63,80,51264,51456
1,0,75,80,51264,51456
2,0,47,80,51456,51840
2,0,59,80,51456,51840
2,0,59,80,51456,51840
1,0,71,80,51456,51840
1,0,63,80,51840,52224
1,0,66,80,51840,52224
1,0,83,80,51840,52224
1,0,64,80,52224,52608
1,0,67,80,52224,52608
1,0,79,80,52224,52416
1,0,81,80,52416,52608
1,0,66,80,52608,52992
1,0,69,80,52608,52992
1,0,79,80,52608,52800
1,0,78,80,52800,52992
1,0,67,80,52992,53376
1,0,71,80,52992,53376
1,0,76,80,52992,53376
1,0,61,80,53376,53760
1,0,64,80,53376,53760
1,0,81,80,53376,53760
1,0,62,80,53760,54144
1,0,66,80,53760,54144
1,0,78,80,53760,53952
1,0,79,80,53952,54144
1,0,64,80,54144,54528
1,0,67,80,54144,54528
1,0,78,80,54144,54336
1,0,76,80,54336,54528
1,0,66,80,54528,54912
1,0,69,80,54528,54912
1,0,74,80,54528,54912
2,0,54,80,54912,55296
2,0,57,80,54912,55296
1,0,74,80,54912,55296
1,0,86,80,54912,55296
2,0,57,80,55296,55680
1,0,60,80,55296,55680
1,0,78,80,55296,55680
1,0,86,80,55296,55680
2,0,55,80,55680,56064
2,0,59,80,55680,56064
1,0,76,80,55680,56064
1,0,86,80,55680,56064
2,0,59,80,56064,56448
1,0,62,80,56064,56448
1,0,79,80,56064,56448
1,0,86,80,56064,56448
2,0,57,80,56448,56832
1,0,60,80,56448,56832
1,0,78,80,56448,56832
1,0,86,80,56448,56832
2,0,50,80,56832,57600
2,0,57,80,56832,57600
1,0,60,80,56832,57600
1,0,81,80,56832,57600
1,0,86,80,56832,57024
1,0,81,80,57024,57216
1,0,78,80,57216,57408
1,0,74,80,57408,57600
1,0,60,80,57600,57984
1,0,69,80,57600,57984
1,0,78,80,57600,57984
1,0,86,80,57600,57984
1,0,60,80,57984,58368
1,0,69,80,57984,58368
1,0,78,80,57984,58368
1,0,86,80,57984,58368
2,0,59,80,58368,59136
1,0,67,80,58368,59136
1,0,79,80,58368,59136
1,0,86,80,58368,58560
1,0,83,80,58560,58752
1,0,79,80,58752,58944
1,0,74,80,58944,59136
2,0,59,80,59136,59520
1,0,62,80,59136,59520
1,0,67,80,59136,59520
1,0,86,80,59136,59520
2,0,59,80,59520,59904
1,0,62,80,59520,59904
1,0,79,80,59520,59904
1,0,86,80,59520,59904
2,0,58,80,59904,60672
1,0,67,80,59904,60672
1,0,79,80,59904,60672
1,0,86,80,59904,60096
1,0,82,80,60096,60288
1,0,79,80,60288,60480
1,0,74,80,60480,60672
2,0,58,80,60672,61056
1,0,62,80,60672,61056
1,0,67,80,60672,61056
1,0,86,80,60672,61056
2,0,58,80,61056,61440
1,0,62,80,61056,61440
1,0,79,80,61056,61440
1,0,86,80,61056,61440
2,0,46,80,61440,62976
1,0,65,80,61440,62208
1,0,80,80,61440,62976
1,0,86,80,61440,61632
1,0,85,80,61632,61824
1,0,86,80,61824,62016
1,0,88,80,62016,62208
1,0,62,80,62208,62976
1,0,89,80,62208,62400
1,0,88,80,62400,62592
1,0,89,80,62592,62784
1,0,86,80,62784,62976
2,0,45,80,62976,72192
1,0,64,80,62976,63744
1,0,81,80,62976,63744
1,0,85,80,62976,63168
1,0,88,80,63168,63360
1,0,85,80,63360,63552
1,0,81,80,63552,63744
1,0,69,80,63744,64128
1,0,63,80,64128,64512
1,0,66,80,64128,64512
1,0,83,80,64128,64512
1,0,64,80,64512,65280
1,0,67,80,64512,65280
1,0,79,80,64512,64896
1,0,76,80,64896,65280
1,0,61,80,65280,66048
1,0,64,80,65280,66048
1,0,81,80,65280,65664
1,0,79,80,65664,65856
1,0,76,80,65856,66048
1,0,62,80,66048,66432
1,0,66,80,66048,66432
1,0,74,80,66048,66432
1,0,68,80,66432,66816
1,0,74,80,66432,66816
1,0,78,80,66432,66816
1,0,69,80,66816,67200
1,0,73,80,66816,67200
1,0,76,80,66816,67200
1,0,73,80,67200,67392
1,0,69,80,67392,67584
1,0,67,80,67584,67968
1,0,73,80,67584,68352
1,0,76,80,67584,67968
1,0,64,80,67968,68352
1,0,79,80,67968,68352
1,0,66,80,68352,69120
1,0,74,80,68352,69120
1,0,78,80,68352,68736
1,0,74,80,68736,68928
1,0,69,80,68928,69120
1,0,63,80,69120,69888
1,0,72,80,69120,69888
1,0,78,80,69120,69504
1,0,81,80,69504,69696
1,0,78,80,69696,69888
1,0,64,80,69888,70272
1,0,71,80,69888,70272
1,0,79,80,69888,70272
1,0,62,80,70272,70656
1,0,66,80,70272,70656
1,0,83,80,70272,70656
1,0,61,80,70656,72192
1,0,64,80,70656,72192
1,0,83,80,70656,70848
1,0,81,80,70848,71040
1,0,88,80,71040,71232
1,0,86,80,71232,71424
1,0,85,80,71424,71616
1,0,83,80,71616,71808
1,0,81,80,71808,72000
1,0,79,80,72000,72192
2,0,50,80,72192,72960
1,0,62,80,72192,72576
1,0,66,80,72192,72384
1,0,78,80,72192,72576
1,0,74,80,72384,72576
1,0,74,80,72576,72768
1,0,78,80,72576,72768
1,0,73,80,72768,72960
1,0,76,80,72768,72960
1,0,71,80,72960,73152
1,0,74,80,72960,73152
1,0,69,80,73152,73344
1,0,73,80,73152,73344
1,0,67,80,73344,73536
1,0,71,80,73344,73536
1,0,66,80,73536,73728
1,0,69,80,73536,73728
2,0,45,80,73728,75264
1,0,64,80,73728,74880
1,0,67,80,73728,74880
1,0,81,80,73728,73920
1,0,85,80,73920,74112
1,0,88,80,74112,74304
1,0,86,80,74304,74496
1,0,85,80,74496,74688
1,0,83,80,74688,74880
1,0,61,80,74880,75264
1,0,64,80,74880,75264
1,0,81,80,74880,75072
1,0,79,80,75072,75264
2,0,50,80,75264,75648
1,0,62,80,75264,75648
1,0,66,80,75264,75648
1,0,78,80,75264,75456
1,0,81,80,75456,75648
1,0,74,80,75648,75840
1,0,78,80,75840,76032
2,0,54,80,76032,76416
1,0,62,80,76032,76416
1,0,69,80,76032,76224
1,0,69,80,76032,76416
1,0,74,80,76224,76416
1,0,69,80,76416,76608
1,0,66,80,76608,76800
2,0,55,80,76800,77184
2,0,59,80,76800,77184
1,0,64,80,76800,76992
1,0,67,80,76800,77184
1,0,71,80,76992,77184
1,0,67,80,77184,77376
1,0,64,80,77376,77568
2,0,57,80,77568,77952
1,0,60,80,77568,77952
1,0,63,80,77568,77760
1,0,66,80,77568,77952
1,0,72,80,77760,77952
1,0,69,80,77952,78144
1,0,66,80,78144,78336
2,0,55,80,78336,78720
2,0,59,80,78336,78720
1,0,64,80,78336,78528
1,0,67,80,78336,78720
1,0,71,80,78528,78720
1,0,67,80,78720,78912
1,0,64,80,78912,79104
2,0,57,80,79104,79488
1,0,60,80,79104,79488
1,0,63,80,79104,79296
1,0,63,80,79104,79488
1,0,72,80,79296,79488
1,0,69,80,79488,79680
1,0,66,80,79680,79872
2,0,55,80,79872,80256
2,0,59,80,79872,80256
1,0,64,80,79872,80064
1,0,64,80,79872,80256
1,0,67,80,80064,80256
1,0,71,80,80256,80448
1,0,76,80,80448,80640
1,0,79,80,80640,80832
1,0,83,80,80832,81024
1,0,79,80,81024,81216
1,0,76,80,81216,81408
2,0,55,80,81408,81792
1,0,64,80,81408,81792
1,0,70,80,81408,81792
1,0,73,80,81408,81600
1,0,82,80,81600,81792
1,0,79,80,81792,81984
1,0,76,80,81984,82176
2,0,53,80,82176,82560
1,0,65,80,82176,82560
1,0,69,80,82176,82560
1,0,74,80,82176,82368
1,0,81,80,82368,82560
1,0,77,80,82560,82752
1,0,74,80,82752,82944
2,0,55,80,82944,83328
1,0,64,80,82944,83328
1,0,70,80,82944,83328
1,0,73,80,82944,83136
1,0,82,80,83136,83328
1,0,79,80,83328,83520
1,0,76,80,83520,83712
2,0,53,80,83712,84096
1,0,65,80,83712,84096
1,0,69,80,83712,84096
1,0,74,80,83712,83904
1,0,86,80,83904,84096
1,0,81,80,84096,84288
1,0,77,80,84288,84480
2,0,50,80,84480,84672
1,0,62,80,84480,84672
1,0,62,80,84480,84672
1,0,74,80,84480,84672
1,0,62,80,84672,84864
1,0,74,80,84672,84864
1,0,74,80,84672,84864
1,0,86,80,84672,84864
2,0,57,80,84864,85056
1,0,69,80,84864,85056
1,0,69,80,84864,85056
1,0,81,80,84864,85056
2,0,53,80,85056,85248
1,0,65,80,85056,85248
1,0,65,80,85056,85248
1,0,77,80,85056,85248
2,0,50,80,85248,85440
1,0,62,80,85248,85440
1,0,62,80,85248,85440
1,0,74,80,85248,85440
1,0,62,80,85440,85632
1,0,74,80,85440,85632
1,0,74,80,85440,85632
1,0,86,80,85440,85632
2,0,57,80,85632,85824
1,0,69,80,85632,85824
1,0,69,80,85632,85824
1,0,81,80,85632,85824
2,0,53,80,85824,86016
1,0,65,80,85824,86016
1,0,65,80,85824,86016
1,0,77,80,85824,86016
2,0,50,80,86016,86208
1,0,62,80,86016,86208
1,0,62,80,86016,86208
1,0,74,80,86016,86208
1,0,62,80,86208,86400
1,0,74,80,86208,86400
1,0,74,80,86208,86400
1,0,86,80,86208,86400
2,0,58,80,86400,86592
1,0,70,80,86400,86592
1,0,70,80,86400,86592
1,0,82,80,86400,86592
2,0,55,80,86592,86784
1,0,67,80,86592,86784
1,0,67,80,86592,86784
1,0,79,80,86592,86784
2,0,50,80,86784,86976
1,0,62,80,86784,86976
1,0,62,80,86784,86976
1,0,74,80,86784,86976
1,0,62,80,86976,87168
1,0,74,80,86976,87168
1,0,74,80,86976,87168
1,0,86,80,86976,87168
2,0,58,80,87168,87360
1,0,70,80,87168,87360
1,0,70,80,87168,87360
1,0,82,80,87168,87360
2,0,55,80,87360,87552
1,0,67,80,87360,87552
1,0,67,80,87360,87552
1,0,79,80,87360,87552
2,0,50,80,87552,87744
1,0,62,80,87552,87744
1,0,62,80,87552,87744
1,0,74,80,87552,87744
1,0,62,80,87744,87936
1,0,74,80,87744,87936
1,0,74,80,87744,87936
1,0,86,80,87744,87936
2,0,57,80,87936,88128
1,0,69,80,87936,88128
1,0,69,80,87936,88128
1,0,81,80,87936,88128
2,0,53,80,88128,88320
1,0,65,80,88128,88320
1,0,65,80,88128,88320
1,0,77,80,88128,88320
2,0,50,80,88320,88512
1,0,62,80,88320,88512
1,0,62,80,88320,88512
1,0,74,80,88320,88512
1,0,62,80,88512,88704
1,0,74,80,88512,88704
1,0,74,80,88512,88704
1,0,86,80,88512,88704
2,0,57,80,88704,88896
1,0,69,80,88704,88896
1,0,69,80,88704,88896
1,0,81,80,88704,88896
2,0,53,80,88896,89088
1,0,65,80,88896,89088
1,0,65,80,88896,89088
1,0,77,80,88896,89088
2,0,50,80,89088,89280
1,0,62,80,89088,89280
1,0,62,80,89088,89280
1,0,74,80,89088,89280
2,0,58,80,89280,89472
1,0,70,80,89280,89472
1,0,70,80,89280,89472
1,0,82,80,89280,89472
1,0,62,80,89472,89664
1,0,74,80,89472,89664
1,0,74,80,89472,89664
1,0,86,80,89472,89664
2,0,58,80,89664,89856
1,0,70,80,89664,89856
1,0,70,80,89664,89856
1,0,82,80,89664,89856
2,0,53,80,89856,90048
1,0,65,80,89856,90048
1,0,65,80,89856,90048
1,0,77,80,89856,90048
2,0,50,80,90048,90240
1,0,62,80,90048,90240
1,0,62,80,90048,90240
1,0,74,80,90048,90240
2,0,46,80,90240,90432
2,0,58,80,90240,90432
2,0,58,80,90240,90432
1,0,70,80,90240,90432
2,0,50,80,90432,90624
1,0,62,80,90432,90624
1,0,62,80,90432,90624
1,0,74,80,90432,90624
2,0,53,80,90624,90816
1,0,65,80,90624,90816
1,0,65,80,90624,90816
1,0,77,80,90624,90816
2,0,58,80,90816,91008
1,0,70,80,90816,91008
1,0,70,80,90816,91008
1,0,82,80,90816,91008
1,0,62,80,91008,91200
1,0,74,80,91008,91200
1,0,74,80,91008,91200
1,0,86,80,91008,91200
2,0,58,80,91200,91392
1,0,70,80,91200,91392
1,0,70,80,91200,91392
1,0,82,80,91200,91392
2,0,53,80,91392,91584
1,0,65,80,91392,91584
1,0,65,80,91392,91584
1,0,77,80,91392,91584
2,0,50,80,91584,91776
1,0,62,80,91584,91776
1,0,62,80,91584,91776
1,0,74,80,91584,91776
2,0,46,80,91776,91968
2,0,58,80,91776,91968
2,0,58,80,91776,91968
1,0,70,80,91776,91968
2,0,50,80,91968,92160
1,0,62,80,91968,92160
1,0,62,80,91968,92160
1,0,74,80,91968,92160
2,0,46,80,92160,92352
2,0,58,80,92160,92352
2,0,58,80,92160,92352
1,0,70,80,92160,92352
2,0,50,80,92352,92544
1,0,62,80,92352,92544
1,0,62,80,92352,92544
1,0,74,80,92352,92544
2,0,53,80,92544,92736
1,0,65,80,92544,92736
1,0,65,80,92544,92736
1,0,77,80,92544,92736
2,0,50,80,92736,92928
1,0,62,80,92736,92928
1,0,62,80,92736,92928
1,0,74,80,92736,92928
2,0,46,80,92928,93120
2,0,58,80,92928,93120
2,0,58,80,92928,93120
1,0,70,80,92928,93120
2,0,41,80,93120,93312
2,0,53,80,93120,93312
1,0,65,80,93120,93312
1,0,65,80,93120,93312
2,0,46,80,93312,93504
2,0,58,80,93312,93504
2,0,58,80,93312,93504
1,0,70,80,93312,93504
2,0,41,80,93504,93696
2,0,53,80,93504,93696
1,0,65,80,93504,93696
1,0,65,80,93504,93696
2,0,46,80,93696,93888
2,0,58,80,93696,93888
2,0,58,80,93696,93888
1,0,70,80,93696,93888
2,0,50,80,93888,94080
1,0,62,80,93888,94080
1,0,62,80,93888,94080
1,0,74,80,93888,94080
2,0,53,80,94080,94272
1,0,65,80,94080,94272
1,0,65,80,94080,94272
1,0,77,80,94080,94272
2,0,50,80,94272,94464
1,0,62,80,94272,94464
1,0,62,80,94272,94464
1,0,74,80,94272,94464
2,0,46,80,94464,94656
2,0,58,80,94464,94656
2,0,58,80,94464,94656
1,0,70,80,94464,94656
2,0,41,80,94656,94848
2,0,53,80,94656,94848
1,0,65,80,94656,94848
1,0,65,80,94656,94848
2,0,46,80,94848,95040
2,0,58,80,94848,95040
2,0,58,80,94848,95040
1,0,70,80,94848,95040
2,0,41,80,95040,95232
2,0,53,80,95040,95232
1,0,65,80,95040,95232
1,0,65,80,95040,95232
2,0,46,80,95232,95424
2,0,58,80,95232,95424
2,0,58,80,95232,95424
1,0,70,80,95232,95424
2,0,41,80,95424,95616
2,0,53,80,95424,95616
1,0,65,80,95424,95616
1,0,65,80,95424,95616
2,0,46,80,95616,95808
2,0,58,80,95616,95808
2,0,58,80,95616,95808
1,0,70,80,95616,95808
2,0,41,80,95808,96000
2,0,53,80,95808,96000
1,0,65,80,95808,96000
1,0,65,80,95808,96000
2,0,46,80,96000,96192
2,0,58,80,96000,96384
2,0,58,80,96000,96384
1,0,70,80,96000,96192
2,0,41,80,96192,96384
1,0,65,80,96192,96384
2,0,46,80,96384,96576
2,0,58,80,96384,96768
1,0,65,80,96384,96768
1,0,70,80,96384,96576
2,0,48,80,96576,96768
1,0,69,80,96576,96768
2,0,50,80,96768,98688
2,0,58,80,96768,98688
1,0,65,80,96768,98688
1,0,68,80,96768,98688
2,0,50,80,98688,99072
2,0,58,80,98688,99072
1,0,65,80,98688,99072
1,0,68,80,98688,99072
2,0,50,80,99072,99456
2,0,58,80,99072,99456
1,0,65,80,99072,99456
1,0,68,80,99072,99456
2,0,50,80,99456,99840
2,0,58,80,99456,99840
1,0,65,80,99456,99840
1,0,68,80,99456,99840
2,0,50,80,99840,101760
2,0,58,80,99840,101760
1,0,65,80,99840,101760
1,0,68,80,99840,101760
2,0,50,80,101760,102144
2,0,58,80,101760,102144
1,0,65,80,101760,102144
1,0,68,80,101760,102144
2,0,50,80,102144,102528
2,0,58,80,102144,102528
1,0,65,80,102144,102528
1,0,68,80,102144,102528
2,0,50,80,102528,102912
2,0,58,80,102528,102912
1,0,65,80,102528,102912
1,0,68,80,102528,102912
2,0,49,80,102912,104832
2,0,58,80,102912,104448
1,0,64,80,102912,104832
1,0,67,80,102912,104832
2,0,57,80,104448,104832
2,0,49,80,104832,105216
2,0,57,80,104832,105216
1,0,64,80,104832,105216
1,0,67,80,104832,105216
2,0,49,80,105216,105600
2,0,57,80,105216,105600
1,0,64,80,105216,105600
1,0,67,80,105216,105600
2,0,49,80,105600,105984
2,0,57,80,105600,105984
1,0,64,80,105600,105984
1,0,67,80,105600,105984
2,0,50,80,105984,106752
2,0,57,80,105984,106752
1,0,62,80,105984,106752
1,0,66,80,105984,106752
2,0,43,80,106752,107520
2,0,59,80,106752,107520
2,0,59,80,106752,107520
1,0,64,80,106752,106944
1,0,66,80,106944,107136
1,0,67,80,107136,107328
1,0,64,80,107328,107520
2,0,45,80,107520,109056
2,0,54,80,107520,108288
2,0,57,80,107520,108288
1,0,62,80,107520,108288
2,0,55,80,108288,108672
1,0,61,80,108288,108480
1,0,64,80,108288,109056
1,0,62,80,108480,108672
1,0,64,80,108672,108864
1,0,67,80,108672,108864
1,0,61,80,108864,109056
1,0,64,80,108864,109056
2,0,50,80,109056,109440
1,0,62,80,109056,109824
1,0,62,80,109056,109248
1,0,66,80,109056,109248
2,0,57,80,109248,109440
2,0,57,80,109248,109440
1,0,62,80,109440,109632
1,0,66,80,109440,109632
2,0,57,80,109632,109824
2,0,57,80,109632,109824
1,0,62,80,109824,110016
1,0,66,80,109824,110016
2,0,57,80,110016,110208
2,0,57,80,110016,110208
1,0,62,80,110208,110400
1,0,66,80,110208,110400
1,0,81,80,110208,110400
2,0,57,80,110400,110592
2,0,57,80,110400,110592
1,0,78,80,110400,110592
2,0,50,80,110592,110976
1,0,61,80,110592,110784
1,0,67,80,110592,110784
1,0,76,80,110592,110976
2,0,57,80,110784,110976
2,0,57,80,110784,110976
1,0,61,80,110976,111168
1,0,67,80,110976,111168
1,0,76,80,110976,111168
2,0,57,80,111168,111360
2,0,57,80,111168,111360
1,0,79,80,111168,111360
1,0,61,80,111360,111552
1,0,67,80,111360,111552
1,0,83,80,111360,111744
2,0,57,80,111552,111744
2,0,57,80,111552,111744
1,0,61,80,111744,111936
1,0,67,80,111744,111936
1,0,83,80,111744,111936
2,0,57,80,111936,112128
2,0,57,80,111936,112128
1,0,81,80,111936,112128
2,0,50,80,112128,112512
1,0,62,80,112128,112320
1,0,66,80,112128,112320
1,0,81,80,112128,112896
2,0,57,80,112320,112512
2,0,57,80,112320,112512
1,0,62,80,112512,112704
1,0,66,80,112512,112704
2,0,57,80,112704,112896
2,0,57,80,112704,112896
1,0,62,80,112896,113088
1,0,66,80,112896,113088
1,0,86,80,112896,113280
2,0,57,80,113088,113280
2,0,57,80,113088,113280
1,0,62,80,113280,113472
1,0,66,80,113280,113472
1,0,81,80,113280,113472
2,0,57,80,113472,113664
2,0,57,80,113472,113664
1,0,78,80,113472,113664
2,0,50,80,113664,114048
1,0,61,80,113664,113856
1,0,67,80,113664,113856
1,0,76,80,113664,114048
2,0,57,80,113856,114048
2,0,57,80,113856,114048
1,0,61,80,114048,114240
1,0,67,80,114048,114240
1,0,76,80,114048,114240
2,0,57,80,114240,114432
2,0,57,80,114240,114432
1,0,78,80,114240,114432
1,0,61,80,114432,114624
1,0,67,80,114432,114624
1,0,79,80,114432,114624
2,0,57,80,114624,114816
2,0,57,80,114624,114816
1,0,78,80,114624,114816
1,0,61,80,114816,115008
1,0,67,80,114816,115008
1,0,79,80,114816,115008
2,0,57,80,115008,115200
2,0,57,80,115008,115200
1,0,76,80,115008,115200
2,0,50,80,115200,115584
1,0,62,80,115200,115392
1,0,66,80,115200,115392
1,0,74,80,115200,115968
2,0,57,80,115392,115584
2,0,57,80,115392,115584
1,0,62,80,115584,115776
1,0,66,80,115584,115776
2,0,57,80,115776,115968
2,0,57,80,115776,115968
1,0,62,80,115968,116160
1,0,66,80,115968,116160
1,0,69,80,115968,116352
2,0,57,80,116160,116352
2,0,57,80,116160,116352
1,0,62,80,116352,116544
1,0,66,80,116352,116544
1,0,81,80,116352,116544
2,0,57,80,116544,116736
2,0,57,80,116544,116736
1,0,78,80,116544,116736
2,0,38,80,116736,117120
1,0,61,80,116736,116928
1,0,67,80,116736,116928
1,0,76,80,116736,117120
2,0,57,80,116928,117120
2,0,57,80,116928,117120
1,0,61,80,117120,117312
1,0,67,80,117120,117312
1,0,76,80,117120,117312
2,0,57,80,117312,117504
2,0,57,80,117312,117504
1,0,79,80,117312,117504
1,0,61,80,117504,117696
1,0,67,80,117504,117696
1,0,83,80,117504,117888
2,0,57,80,117696,117888
2,0,57,80,117696,117888
1,0,61,80,117888,118080
1,0,67,80,117888,118080
1,0,83,80,117888,118080
2,0,57,80,118080,118272
2,0,57,80,118080,118272
1,0,81,80,118080,118272
2,0,38,80,118272,118656
1,0,62,80,118272,118464
1,0,66,80,118272,118464
1,0,81,80,118272,119040
2,0,57,80,118464,118656
2,0,57,80,118464,118656
1,0,62,80,118656,118848
1,0,66,80,118656,118848
2,0,57,80,118848,119040
2,0,57,80,118848,119040
1,0,62,80,119040,119232
1,0,66,80,119040,119232
1,0,86,80,119040,119424
2,0,57,80,119232,119424
2,0,57,80,119232,119424
1,0,62,80,119424,119616
1,0,66,80,119424,119616
1,0,81,80,119424,119616
2,0,57,80,119616,119808
2,0,57,80,119616,119808
1,0,78,80,119616,119808
2,0,38,80,119808,120192
1,0,61,80,119808,120000
1,0,67,80,119808,120000
1,0,76,80,119808,120192
2,0,57,80,120000,120192
2,0,57,80,120000,120192
1,0,61,80,120192,120384
1,0,67,80,120192,120384
1,0,76,80,120192,120384
2,0,57,80,120384,120576
2,0,57,80,120384,120576
1,0,78,80,120384,120576
1,0,61,80,120576,120768
1,0,67,80,120576,120768
1,0,79,80,120576,120768
2,0,57,80,120768,120960
2,0,57,80,120768,120960
1,0,78,80,120768,120960
1,0,61,80,120960,121152
1,0,67,80,120960,121152
1,0,79,80,120960,121152
2,0,57,80,121152,121344
2,0,57,80,121152,121344
1,0,76,80,121152,121344
2,0,38,80,121344,121728
1,0,62,80,121344,121728
1,0,66,80,121344,121728
1,0,74,80,121344,121536
1,0,62,80,121536,121728
1,0,66,80,121728,121920
1,0,69,80,121920,122112
1,0,74,80,122112,122304
1,0,62,80,122304,122496
2,0,57,80,122496,122880
1,0,60,80,122496,122880
1,0,66,80,122496,122688
1,0,66,80,122496,122880
1,0,69,80,122688,122880
2,0,54,80,122880,123264
2,0,57,80,122880,123264
1,0,63,80,122880,123264
1,0,72,80,122880,123264
2,0,55,80,123264,123648
2,0,59,80,123264,123648
1,0,64,80,123264,123648
1,0,71,80,123264,123648
2,0,52,80,123648,124032
2,0,55,80,123648,124032
1,0,61,80,123648,124032
1,0,70,80,123648,124032
2,0,54,80,124032,124416
2,0,57,80,124032,124416
1,0,62,80,124032,124800
1,0,69,80,124032,124416
2,0,55,80,124416,125184
2,0,59,80,124416,125184
1,0,69,80,124416,124800
1,0,64,80,124800,125184
1,0,67,80,124800,125184
2,0,57,80,125184,125568
2,0,57,80,125184,125952
1,0,62,80,125184,125568
1,0,66,80,125184,125568
2,0,55,80,125568,125952
1,0,61,80,125568,125952
1,0,64,80,125568,125952
2,0,50,80,125952,126336
2,0,54,80,125952,126336
1,0,62,80,125952,126144
1,0,62,80,125952,126336
1,0,74,80,126144,126336
1,0,78,80,126336,126528
1,0,81,80,126528,126720
1,0,86,80,126720,126912
1,0,74,80,126912,127104
1,0,69,80,127104,127488
1,0,72,80,127104,127488
1,0,78,80,127104,127296
1,0,78,80,127104,127488
1,0,81,80,127296,127488
1,0,66,80,127488,127872
1,0,69,80,127488,127872
1,0,75,80,127488,127872
1,0,84,80,127488,127872
1,0,67,80,127872,128256
1,0,71,80,127872,128256
1,0,76,80,127872,128256
1,0,83,80,127872,128256
1,0,64,80,128256,128640
1,0,67,80,128256,128640
1,0,73,80,128256,128640
1,0,82,80,128256,128640
1,0,66,80,128640,129024
1,0,69,80,128640,129024
1,0,74,80,128640,129408
1,0,81,80,128640,129024
1,0,67,80,129024,129792
1,0,71,80,129024,129792
1,0,81,80,129024,129408
1,0,76,80,129408,129792
1,0,79,80,129408,129792
1,0,69,80,129792,130176
1,0,69,80,129792,130560
1,0,74,80,129792,130176
1,0,78,80,129792,130176
1,0,67,80,130176,130560
1,0,73,80,130176,130560
1,0,76,80,130176,130560
2,0,50,80,130560,130944
1,0,66,80,130560,130944
1,0,74,80,130560,130752
1,0,74,80,130560,130944
1,0,69,80,130752,130944
1,0,66,80,130944,131136
1,0,62,80,131136,131328
1,0,61,80,131328,131712
1,0,69,80,131328,131520
1,0,76,80,131328,131712
1,0,64,80,131520,131712
1,0,61,80,131712,131904
2,0,57,80,131904,132096
1,0,62,80,132096,132480
1,0,62,80,132096,132288
1,0,78,80,132096,132480
2,0,57,80,132288,132480
2,0,54,80,132480,132672
2,0,50,80,132672,132864
2,0,57,80,132864,133056
1,0,67,80,132864,133248
1,0,69,80,132864,133248
1,0,76,80,132864,133248
1,0,85,80,132864,133248
2,0,52,80,133056,133248
2,0,49,80,133248,133440
2,0,45,80,133440,133632
2,0,38,80,133632,134016
1,0,66,80,133632,134016
1,0,69,80,133632,134016
1,0,78,80,133632,134016
1,0,86,80,133632,134016
1,0,69,80,134784,135168
1,0,62,80,135168,135552
1,0,66,80,135168,135552
1,0,62,80,135552,135936
1,0,86,80,135552,135744
1,0,85,80,135744,135936
2,0,55,80,135936,136320
1,0,67,80,135936,136320
1,0,83,80,135936,136128
1,0,81,80,136128,136320
1,0,64,80,136320,136704
1,0,79,80,136320,136512
1,0,78,80,136512,136704
2,0,57,80,136704,137472
1,0,61,80,136704,137088
1,0,76,80,136704,137088
1,0,64,80,137088,137280
1,0,78,80,137088,137280
1,0,61,80,137280,137472
1,0,79,80,137280,137472
2,0,57,80,137472,137856
1,0,81,80,137472,137664
1,0,83,80,137664,137856
2,0,59,80,137856,138048
1,0,81,80,137856,138048
1,0,61,80,138048,138240
1,0,79,80,138048,138240
1,0,62,80,138240,138624
1,0,78,80,138240,138432
1,0,76,80,138432,138624
2,0,59,80,138624,139008
1,0,74,80,138624,138816
1,0,73,80,138816,139008
2,0,54,80,139008,139392
1,0,74,80,139008,139200
1,0,78,80,139200,139392
2,0,56,80,139392,139776
1,0,76,80,139392,139584
1,0,74,80,139584,139776
2,0,57,80,139776,140544
1,0,73,80,139776,139968
1,0,74,80,139968,140160
1,0,76,80,140160,140352
1,0,73,80,140352,140544
1,0,69,80,140544,140928
1,0,69,80,140544,140928
1,0,71,80,140928,141312
1,0,64,80,141312,141696
1,0,67,80,141312,141696
1,0,64,80,141696,142080
1,0,88,80,141696,141888
1,0,86,80,141888,142080
2,0,57,80,142080,142464
1,0,69,80,142080,142464
1,0,84,80,142080,142272
1,0,83,80,142272,142464
1,0,66,80,142464,142848
1,0,81,80,142464,142656
1,0,79,80,142656,142848
2,0,59,80,142848,143616
1,0,63,80,142848,143232
1,0,78,80,142848,143232
1,0,66,80,143232,143424
1,0,79,80,143232,143424
1,0,63,80,143424,143616
1,0,81,80,143424,143616
2,0,59,80,143616,144000
1,0,83,80,143616,143808
1,0,81,80,143808,144000
1,0,61,80,144000,144192
1,0,79,80,144000,144192
1,0,63,80,144192,144384
1,0,78,80,144192,144384
1,0,64,80,144384,144768
1,0,79,80,144384,144576
1,0,78,80,144576,144768
1,0,66,80,144768,145152
1,0,76,80,144768,144960
1,0,75,80,144960,145152
1,0,67,80,145152,145536
1,0,76,80,145152,145344
1,0,79,80,145344,145536
1,0,63,80,145536,145920
1,0,78,80,145536,145728
1,0,81,80,145728,145920
2,0,52,80,145920,146688
2,0,59,80,145920,146688
1,0,64,80,145920,146688
1,0,79,80,145920,146112
1,0,76,80,146112,146304
1,0,83,80,146304,146496
1,0,79,80,146496,146688
1,0,76,80,146688,146880
1,0,71,80,146880,147072
1,0,76,80,147072,147264
1,0,71,80,147264,147456
2,0,52,80,147456,148224
2,0,59,80,147456,148224
1,0,67,80,147456,148224
1,0,76,80,147456,147648
1,0,79,80,147648,147840
1,0,83,80,147840,148032
1,0,79,80,148032,148224
1,0,76,80,148224,148416
1,0,71,80,148416,148608
1,0,76,80,148608,148800
1,0,71,80,148800,148992
2,0,47,80,148992,149760
2,0,59,80,148992,149760
1,0,63,80,148992,149184
1,0,66,80,148992,149760
1,0,83,80,148992,149760
1,0,66,80,149184,149376
1,0,71,80,149376,149568
1,0,66,80,149568,149760
1,0,63,80,149760,149952
2,0,59,80,149952,150144
1,0,63,80,150144,150336
2,0,59,80,150336,150528
2,0,47,80,150528,151296
2,0,59,80,150528,151296
1,0,63,80,150528,150720
1,0,66,80,150528,151296
1,0,71,80,150528,151296
1,0,81,80,150528,151296
1,0,66,80,150720,150912
1,0,71,80,150912,151104
1,0,66,80,151104,151296
1,0,63,80,151296,151488
2,0,59,80,151488,151680
1,0,63,80,151680,151872
2,0,59,80,151872,152064
2,0,52,80,152064,152832
1,0,64,80,152064,152832
1,0,67,80,152064,152832
1,0,79,80,152064,152256
1,0,76,80,152256,152448
1,0,83,80,152448,152640
1,0,79,80,152640,152832
1,0,76,80,152832,153024
1,0,71,80,153024,153216
1,0,76,80,153216,153408
1,0,71,80,153408,153600
2,0,52,80,153600,154368
1,0,67,80,153600,154368
1,0,71,80,153600,154368
1,0,76,80,153600,153792
1,0,79,80,153792,153984
1,0,83,80,153984,154176
1,0,79,80,154176,154368
1,0,76,80,154368,154560
1,0,71,80,154560,154752
1,0,76,80,154752,154944
1,0,71,80,154944,155136
2,0,45,80,155136,155520
1,0,67,80,155136,156672
1,0,72,80,155136,158208
1,0,76,80,155136,155328
1,0,79,80,155328,155520
2,0,57,80,155520,155904
1,0,84,80,155520,155712
1,0,79,80,155712,155904
2,0,57,80,155904,156288
1,0,76,80,155904,156096
1,0,72,80,156096,156288
2,0,57,80,156288,156672
1,0,76,80,156288,156480
1,0,72,80,156480,156672
2,0,50,80,156672,157056
1,0,66,80,156672,159744
1,0,69,80,156672,158208
1,0,78,80,156672,156864
1,0,81,80,156864,157056
1,0,62,80,157056,157440
1,0,84,80,157056,157248
1,0,81,80,157248,157440
1,0,62,80,157440,157824
1,0,78,80,157440,157632
1,0,72,80,157632,157824
1,0,62,80,157824,158208
1,0,78,80,157824,158016
1,0,72,80,158016,158208
2,0,43,80,158208,158592
1,0,71,80,158208,158400
1,0,71,80,158208,161280
1,0,78,80,158400,158592
2,0,55,80,158592,158976
1,0,83,80,158592,158784
1,0,78,80,158784,158976
2,0,55,80,158976,159360
1,0,75,80,158976,159168
1,0,71,80,159168,159360
2,0,55,80,159360,159744
1,0,75,80,159360,159552
1,0,71,80,159552,159744
2,0,48,80,159744,160128
1,0,64,80,159744,162816
1,0,67,80,159744,161280
1,0,76,80,159744,159936
1,0,79,80,159936,160128
1,0,60,80,160128,160512
1,0,83,80,160128,160320
1,0,79,80,160320,160512
1,0,60,80,160512,160896
1,0,76,80,160512,160704
1,0,71,80,160704,160896
1,0,60,80,160896,161280
1,0,76,80,160896,161088
1,0,71,80,161088,161280
2,0,42,80,161280,161664
1,0,69,80,161280,164352
1,0,72,80,161280,161472
1,0,76,80,161472,161664
2,0,54,80,161664,162048
1,0,81,80,161664,161856
1,0,76,80,161856,162048
2,0,54,80,162048,162432
1,0,72,80,162048,162240
1,0,69,80,162240,162432
2,0,54,80,162432,162816
1,0,72,80,162432,162624
1,0,69,80,162624,162816
2,0,47,80,162816,163200
1,0,63,80,162816,164352
1,0,66,80,162816,164352
1,0,71,80,162816,163008
1,0,78,80,163008,163200
2,0,59,80,163200,163584
1,0,81,80,163200,163392
1,0,78,80,163392,163584
2,0,59,80,163584,163968
1,0,75,80,163584,163776
1,0,71,80,163776,163968
2,0,59,80,163968,164352
1,0,75,80,163968,164160
1,0,71,80,164160,164352
2,0,40,80,164352,164736
2,0,59,80,164352,164736
1,0,67,80,164352,164736
1,0,76,80,164352,164544
1,0,79,80,164544,164736
2,0,52,80,164736,165120
1,0,64,80,164736,165120
1,0,71,80,164736,165120
1,0,83,80,164736,164928
1,0,79,80,164928,165120
2,0,52,80,165120,165504
1,0,64,80,165120,165504
1,0,71,80,165120,165504
1,0,76,80,165120,165312
1,0,71,80,165312,165504
2,0,52,80,165504,165888
1,0,64,80,165504,165888
1,0,67,80,165504,165696
1,0,71,80,165504,165888
1,0,71,80,165696,165888
2,0,40,80,165888,166272
2,0,55,80,165888,166272
2,0,59,80,165888,166272
1,0,64,80,165888,166080
1,0,76,80,166080,166272
2,0,52,80,166272,166656
1,0,67,80,166272,166656
1,0,71,80,166272,166464
1,0,71,80,166272,166656
1,0,67,80,166464,166656
2,0,52,80,166656,167040
1,0,64,80,166656,166848
1,0,67,80,166656,167040
1,0,71,80,166656,167040
1,0,76,80,166848,167040
2,0,52,80,167040,167424
1,0,67,80,167040,167424
1,0,71,80,167040,167232
1,0,71,80,167040,167424
1,0,67,80,167232,167424
2,0,40,80,167424,167808
2,0,57,80,167424,167808
1,0,60,80,167424,167808
1,0,64,80,167424,167616
1,0,76,80,167616,167808
2,0,52,80,167808,168192
1,0,69,80,167808,168192
1,0,72,80,167808,168000
1,0,72,80,167808,168192
1,0,69,80,168000,168192
2,0,52,80,168192,168576
1,0,64,80,168192,168384
1,0,69,80,168192,168576
1,0,72,80,168192,168576
1,0,76,80,168384,168576
2,0,52,80,168576,168960
1,0,69,80,168576,168960
1,0,72,80,168576,168768
1,0,72,80,168576,168960
1,0,69,80,168768,168960
2,0,40,80,168960,169344
2,0,55,80,168960,169344
2,0,59,80,168960,169344
1,0,64,80,168960,169152
1,0,76,80,169152,169344
2,0,52,80,169344,169728
1,0,67,80,169344,169728
1,0,71,80,169344,169536
1,0,71,80,169344,169728
1,0,67,80,169536,169728
2,0,52,80,169728,170112
1,0,64,80,169728,169920
1,0,67,80,169728,170112
1,0,71,80,169728,170112
1,0,76,80,169920,170112
2,0,52,80,170112,170496
1,0,67,80,170112,170496
1,0,71,80,170112,170304
1,0,71,80,170112,170496
1,0,67,80,170304,170496
2,0,38,80,170496,170880
2,0,56,80,170496,170880
2,0,59,80,170496,170880
1,0,64,80,170496,170688
1,0,76,80,170688,170880
2,0,50,80,170880,171264
1,0,68,80,170880,171264
1,0,71,80,170880,171072
1,0,71,80,170880,171264
1,0,68,80,171072,171264
2,0,50,80,171264,171648
1,0,64,80,171264,171456
1,0,68,80,171264,171648
1,0,71,80,171264,171648
1,0,76,80,171456,171648
2,0,50,80,171648,172032
1,0,68,80,171648,172032
1,0,71,80,171648,171840
1,0,71,80,171648,172032
1,0,68,80,171840,172032
2,0,36,80,172032,172416
2,0,57,80,172032,172416
2,0,57,80,172032,172416
1,0,64,80,172032,172224
1,0,76,80,172224,172416
2,0,48,80,172416,172800
1,0,64,80,172416,172800
1,0,69,80,172416,172800
1,0,72,80,172416,172608
1,0,69,80,172608,172800
2,0,48,80,172800,173184
1,0,64,80,172800,172992
1,0,64,80,172800,173184
1,0,69,80,172800,173184
1,0,76,80,172992,173184
2,0,48,80,173184,173568
1,0,64,80,173184,173568
1,0,69,80,173184,173568
1,0,72,80,173184,173376
1,0,69,80,173376,173568
2,0,44,80,173568,173952
2,0,59,80,173568,173952
1,0,62,80,173568,173952
1,0,64,80,173568,173760
1,0,76,80,173760,173952
2,0,56,80,173952,174336
1,0,71,80,173952,174336
1,0,74,80,173952,174144
1,0,74,80,173952,174336
1,0,71,80,174144,174336
2,0,56,80,174336,174720
1,0,64,80,174336,174528
1,0,71,80,174336,174720
1,0,74,80,174336,174720
1,0,76,80,174528,174720
2,0,56,80,174720,175104
1,0,71,80,174720,175104
1,0,74,80,174720,174912
1,0,74,80,174720,175104
1,0,71,80,174912,175104
2,0,57,80,175104,175488
1,0,69,80,175104,175296
1,0,69,80,175104,175488
1,0,72,80,175104,175488
1,0,81,80,175296,175488
1,0,76,80,175488,175680
1,0,72,80,175680,175872
2,0,55,80,175872,176256
2,0,57,80,175872,176256
1,0,64,80,175872,176256
1,0,69,80,175872,176064
1,0,69,80,175872,176256
1,0,73,80,175872,176256
1,0,81,80,176064,176256
1,0,76,80,176256,176448
1,0,73,80,176448,176640
2,0,53,80,176640,177024
2,0,57,80,176640,177024
1,0,62,80,176640,177024
1,0,69,80,176640,176832
1,0,69,80,176640,177024
1,0,74,80,176640,177024
1,0,81,80,176832,177024
1,0,77,80,177024,177216
1,0,74,80,177216,177408
2,0,49,80,177408,177792
2,0,57,80,177408,177792
1,0,67,80,177408,177792
1,0,69,80,177408,177600
1,0,69,80,177408,177792
1,0,76,80,177408,177792
1,0,81,80,177600,177792
1,0,79,80,177792,177984
1,0,76,80,177984,178176
2,0,50,80,178176,178560
2,0,57,80,178176,178560
1,0,65,80,178176,178560
1,0,69,80,178176,178368
1,0,69,80,178176,178560
1,0,77,80,178176,178560
1,0,81,80,178368,178560
1,0,77,80,178560,178752
1,0,74,80,178752,178944
2,0,53,80,178944,179328
1,0,62,80,178944,179328
1,0,62,80,178944,179328
1,0,67,80,178944,179136
1,0,71,80,178944,179328
1,0,79,80,179136,179328
1,0,77,80,179328,179520
1,0,74,80,179520,179712
2,0,52,80,179712,180096
1,0,64,80,179712,180096
1,0,67,80,179712,179904
1,0,67,80,179712,180096
1,0,72,80,179712,180096
1,0,79,80,179904,180096
1,0,76,80,180096,180288
1,0,72,80,180288,180480
2,0,47,80,180480,180864
1,0,65,80,180480,180864
1,0,67,80,180480,180864
1,0,67,80,180480,180864
1,0,74,80,180480,180864
1,0,79,80,180864,181248
2,0,48,80,181248,182016
1,0,67,80,181248,181632
1,0,67,80,181248,181632
1,0,76,80,181248,181632
1,0,64,80,181632,181824
1,0,72,80,181632,182016
1,0,72,80,181632,181824
1,0,62,80,181824,182016
1,0,71,80,181824,182016
2,0,41,80,182016,182784
1,0,60,80,182016,182208
1,0,69,80,182016,182208
1,0,77,80,182016,182400
2,0,59,80,182208,182400
1,0,67,80,182208,182400
2,0,57,80,182400,182592
1,0,65,80,182400,182592
1,0,74,80,182400,182784
2,0,55,80,182592,182784
1,0,64,80,182592,182784
2,0,43,80,182784,183552
2,0,53,80,182784,183168
1,0,62,80,182784,183552
1,0,71,80,182784,183168
1,0,74,80,183168,183360
1,0,71,80,183360,183552
2,0,55,80,183552,183936
2,0,59,80,183552,183936
1,0,67,80,183552,183936
2,0,53,80,183936,184320
1,0,60,80,183936,184128
1,0,65,80,183936,184320
1,0,69,80,183936,184128
1,0,62,80,184128,184320
1,0,71,80,184128,184320
2,0,52,80,184320,184704
1,0,64,80,184320,184704
1,0,64,80,184320,184704
1,0,72,80,184320,184704
2,0,50,80,184704,185088
1,0,65,80,184704,185088
1,0,71,80,184704,185088
1,0,74,80,184704,185088
2,0,48,80,185088,185472
1,0,67,80,185088,185472
1,0,72,80,185088,185472
1,0,76,80,185088,185472
2,0,46,80,185472,185856
1,0,62,80,185472,185856
1,0,68,80,185472,185856
1,0,74,80,185472,185856
2,0,45,80,185856,186624
1,0,64,80,185856,186624
1,0,69,80,185856,186624
1,0,73,80,185856,186240
1,0,76,80,186240,186432
1,0,73,80,186432,186624
2,0,57,80,186624,187008
1,0,61,80,186624,187008
1,0,69,80,186624,187008
2,0,55,80,187008,187392
1,0,62,80,187008,187200
1,0,67,80,187008,187392
1,0,71,80,187008,187200
1,0,64,80,187200,187392
1,0,73,80,187200,187392
2,0,53,80,187392,187776
1,0,64,80,187392,187776
1,0,65,80,187392,187776
1,0,74,80,187392,187776
2,0,52,80,187776,188160
1,0,67,80,187776,188160
1,0,73,80,187776,188160
1,0,76,80,187776,188160
2,0,50,80,188160,188544
1,0,69,80,188160,188544
1,0,74,80,188160,188544
1,0,77,80,188160,188544
2,0,48,80,188544,188928
1,0,64,80,188544,188928
1,0,70,80,188544,188928
1,0,76,80,188544,188928
2,0,47,80,188928,190464
1,0,66,80,188928,189696
1,0,71,80,188928,189696
1,0,75,80,188928,189312
1,0,78,80,189312,189504
1,0,75,80,189504,189696
1,0,71,80,189696,190080
1,0,83,80,190080,190464
2,0,52,80,190464,191232
1,0,79,80,190464,190848
1,0,64,80,190656,190848
1,0,66,80,190848,191040
1,0,76,80,190848,191232
1,0,67,80,191040,191232
1,0,66,80,191232,191424
1,0,81,80,191232,191616
1,0,67,80,191424,191616
1,0,69,80,191616,191808
1,0,78,80,191616,192000
1,0,71,80,191808,192000
1,0,72,80,192000,192384
1,0,75,80,192000,192384
1,0,63,80,192384,192768
1,0,71,80,192384,193152
1,0,78,80,192384,192576
1,0,75,80,192576,192768
1,0,66,80,192768,193152
1,0,71,80,192768,193152
2,0,59,80,193152,193536
1,0,66,80,193152,193536
1,0,69,80,193152,193344
1,0,73,80,193152,193344
1,0,66,80,193344,193536
1,0,75,80,193344,193536
2,0,55,80,193536,193920
1,0,67,80,193536,194304
1,0,71,80,193536,193920
1,0,76,80,193536,193920
2,0,52,80,193920,194304
1,0,67,80,193920,194304
1,0,79,80,193920,194304
2,0,57,80,194304,194688
1,0,72,80,194304,194688
1,0,78,80,194304,194496
1,0,79,80,194496,194688
2,0,54,80,194688,195072
1,0,69,80,194688,195072
1,0,78,80,194688,194880
1,0,81,80,194688,194880
1,0,79,80,194880,195072
1,0,83,80,194880,195072
2,0,51,80,195072,195456
1,0,66,80,195072,195456
1,0,81,80,195072,196224
1,0,84,80,195072,196224
2,0,54,80,195456,195648
1,0,69,80,195456,195648
2,0,51,80,195648,195840
1,0,66,80,195648,195840
2,0,47,80,195840,196224
1,0,63,80,195840,196224
2,0,49,80,196224,196416
1,0,64,80,196224,196416
1,0,79,80,196224,196416
1,0,83,80,196224,196416
2,0,51,80,196416,196608
1,0,66,80,196416,196608
1,0,78,80,196416,196608
1,0,81,80,196416,196608
2,0,52,80,196608,197760
2,0,59,80,196608,197760
1,0,76,80,196608,196800
1,0,79,80,196608,196800
1,0,75,80,196800,196992
1,0,78,80,196800,196992
1,0,76,80,196992,197184
1,0,79,80,196992,197184
1,0,78,80,197184,197376
1,0,81,80,197184,197376
1,0,79,80,197376,197760
1,0,83,80,197376,197760
2,0,50,80,197760,198144
1,0,61,80,197760,197952
1,0,78,80,197760,198144
1,0,83,80,197760,198144
1,0,62,80,197952,198144
2,0,49,80,198144,199680
1,0,64,80,198144,198528
1,0,76,80,198144,199680
1,0,83,80,198144,198336
1,0,81,80,198336,198528
1,0,61,80,198528,198912
1,0,88,80,198528,198720
1,0,86,80,198720,198912
2,0,57,80,198912,199296
1,0,85,80,198912,199104
1,0,83,80,199104,199296
1,0,69,80,199296,200064
1,0,81,80,199296,199488
1,0,79,80,199488,199680
2,0,50,80,199680,200832
1,0,78,80,199680,200064
1,0,78,80,199680,200064
1,0,66,80,200064,200256
1,0,81,80,200064,200256
1,0,69,80,200256,200448
1,0,78,80,200256,200448
1,0,74,80,200448,200832
1,0,74,80,200448,200832
2,0,50,80,200832,201216
1,0,66,80,200832,201216
1,0,69,80,200832,201216
1,0,86,80,200832,201216
1,0,62,80,201216,203904
1,0,67,80,201216,201600
1,0,71,80,201216,201984
1,0,83,80,201216,201600
1,0,71,80,201600,201984
1,0,86,80,201600,201984
1,0,64,80,201984,202368
1,0,73,80,201984,202752
1,0,79,80,201984,202368
1,0,67,80,202368,202752
1,0,83,80,202368,202752
1,0,66,80,202752,203904
1,0,74,80,202752,203904
1,0,81,80,202752,203136
1,0,78,80,203136,203328
1,0,79,80,203328,203520
1,0,81,80,203520,203904
2,0,50,80,203904,204288
1,0,66,80,203904,204288
1,0,69,80,203904,204288
1,0,86,80,203904,204288
1,0,62,80,204288,206976
1,0,67,80,204288,204672
1,0,71,80,204288,205056
1,0,83,80,204288,204672
1,0,71,80,204672,205056
1,0,86,80,204672,205056
1,0,64,80,205056,205440
1,0,73,80,205056,205824
1,0,79,80,205056,205440
1,0,67,80,205440,205824
1,0,83,80,205440,205824
1,0,66,80,205824,206208
1,0,74,80,205824,207744
1,0,81,80,205824,206208
1,0,62,80,206208,206400
1,0,78,80,206208,206400
1,0,64,80,206400,206592
1,0,79,80,206400,206592
1,0,66,80,206592,206976
1,0,81,80,206592,206976
2,0,38,80,206976,207360
1,0,67,80,206976,207360
1,0,83,80,206976,207360
2,0,50,80,207360,212736
1,0,69,80,207360,207744
1,0,84,80,207360,207744
1,0,66,80,207744,207936
1,0,72,80,207744,207936
1,0,81,80,207744,207936
1,0,67,80,207936,208128
1,0,71,80,207936,208128
1,0,83,80,207936,208128
1,0,69,80,208128,208512
1,0,69,80,208128,208512
1,0,84,80,208128,208512
1,0,67,80,208512,208896
1,0,71,80,208512,208896
1,0,86,80,208512,208896
2,0,57,80,208896,212736
1,0,66,80,208896,212736
1,0,72,80,208896,212736
1,0,88,80,208896,210048
1,0,84,80,210048,210432
1,0,81,80,210432,210816
1,0,78,80,210816,211200
1,0,72,80,211200,211584
1,0,69,80,211584,211968
1,0,66,80,211968,212352
1,0,62,80,212352,212736
1,0,60,80,212736,213120
1,0,62,80,213120,213504
2,0,59,80,213504,213888
2,0,55,80,213888,214272
1,0,79,80,213888,214080
1,0,78,80,214080,214272
1,0,60,80,214272,214656
1,0,76,80,214272,214464
1,0,74,80,214464,214656
2,0,57,80,214656,215040
1,0,72,80,214656,214848
1,0,71,80,214848,215040
2,0,54,80,215040,215424
1,0,69,80,215040,215424
2,0,57,80,215424,215616
1,0,71,80,215424,215616
2,0,54,80,215616,215808
1,0,72,80,215616,215808
2,0,50,80,215808,216192
1,0,74,80,215808,216000
1,0,76,80,216000,216192
2,0,52,80,216192,216384
1,0,74,80,216192,216384
2,0,54,80,216384,216576
1,0,72,80,216384,216576
2,0,55,80,216576,216960
1,0,71,80,216576,216768
1,0,69,80,216768,216960
2,0,52,80,216960,217344
1,0,67,80,216960,217152
1,0,66,80,217152,217344
2,0,47,80,217344,217728
1,0,67,80,217344,217536
1,0,71,80,217536,217728
2,0,49,80,217728,218112
1,0,69,80,217728,217920
1,0,67,80,217920,218112
2,0,50,80,218112,218880
1,0,66,80,218112,218304
1,0,67,80,218304,218496
1,0,69,80,218496,218688
1,0,66,80,218688,218880
1,0,62,80,218880,219264
1,0,62,80,218880,219264
1,0,74,80,219264,219648
1,0,71,80,219648,220032
2,0,59,80,220032,220416
1,0,62,80,220032,220416
1,0,67,80,220032,220416
2,0,55,80,220416,220800
2,0,59,80,220416,220800
1,0,76,80,220416,220800
2,0,52,80,220800,221184
2,0,55,80,220800,221184
1,0,72,80,220800,221184
1,0,60,80,221184,221568
1,0,64,80,221184,221568
1,0,69,80,221184,221568
2,0,57,80,221568,221952
1,0,60,80,221568,221952
1,0,78,80,221568,221952
2,0,54,80,221952,222336
2,0,57,80,221952,222336
1,0,74,80,221952,222336
1,0,62,80,222336,222720
1,0,66,80,222336,222720
1,0,71,80,222336,222720
2,0,59,80,222720,223104
1,0,62,80,222720,223104
1,0,79,80,222720,222912
1,0,78,80,222912,223104
2,0,55,80,223104,223488
2,0,59,80,223104,223488
1,0,76,80,223104,223296
1,0,74,80,223296,223488
1,0,64,80,223488,223680
1,0,67,80,223488,223680
1,0,72,80,223488,223872
1,0,62,80,223680,223872
1,0,66,80,223680,223872
1,0,60,80,223872,224064
1,0,64,80,223872,224064
1,0,81,80,223872,224256
2,0,59,80,224064,224256
1,0,62,80,224064,224256
2,0,57,80,224256,224640
1,0,60,80,224256,224640
1,0,78,80,224256,224640
1,0,66,80,224640,225024
1,0,69,80,224640,225024
1,0,74,80,224640,225024
1,0,62,80,225024,225408
1,0,66,80,225024,225408
1,0,83,80,225024,225216
1,0,81,80,225216,225408
2,0,59,80,225408,225792
1,0,62,80,225408,225792
1,0,79,80,225408,225600
1,0,78,80,225600,225792
1,0,67,80,225792,226176
1,0,71,80,225792,226176
1,0,76,80,225792,226176
2,0,57,80,226176,226560
1,0,76,80,226176,226560
1,0,84,80,226176,226368
1,0,83,80,226368,226560
2,0,54,80,226560,226944
1,0,81,80,226560,226944
1,0,81,80,226560,226944
2,0,50,80,226944,227328
1,0,78,80,226944,227328
1,0,86,80,226944,227136
1,0,84,80,227136,227328
2,0,55,80,227328,227712
1,0,74,80,227328,227712
1,0,83,80,227328,227712
2,0,52,80,227712,228096
1,0,76,80,227712,227904
1,0,79,80,227712,228096
1,0,78,80,227904,228096
2,0,48,80,228096,228480
1,0,76,80,228096,228480
1,0,79,80,228096,228480
2,0,45,80,228480,228864
1,0,72,80,228480,228864
1,0,81,80,228480,228864
2,0,50,80,228864,229248
1,0,71,80,228864,229632
1,0,79,80,228864,229632
2,0,49,80,229248,229632
2,0,50,80,229632,230016
1,0,69,80,229632,230400
1,0,78,80,229632,230400
2,0,38,80,230016,230400
1,0,74,80,230016,230208
1,0,72,80,230208,230400
2,0,43,80,230400,230784
1,0,71,80,230400,231552
1,0,71,80,230400,230592
1,0,79,80,230400,231552
1,0,72,80,230592,230784
2,0,47,80,230784,230976
1,0,71,80,230784,230976
2,0,50,80,230976,231168
1,0,69,80,230976,231168
2,0,55,80,231168,231552
1,0,67,80,231168,231552
2,0,43,80,231552,231936
1,0,62,80,231552,231936
1,0,71,80,231552,231936
1,0,79,80,231552,231936
2,0,55,80,231936,234624
1,0,64,80,231936,232704
1,0,72,80,231936,232320
1,0,76,80,231936,232320
1,0,76,80,232320,232704
1,0,79,80,232320,232704
1,0,66,80,232704,233472
1,0,69,80,232704,233088
1,0,72,80,232704,233088
1,0,72,80,233088,233472
1,0,76,80,233088,233472
1,0,67,80,233472,233856
1,0,71,80,233472,233856
1,0,74,80,233472,233856
1,0,62,80,233856,234048
1,0,67,80,233856,234048
1,0,71,80,233856,234048
1,0,60,80,234048,234240
1,0,69,80,234048,234240
1,0,72,80,234048,234240
2,0,59,80,234240,234624
1,0,71,80,234240,234624
1,0,74,80,234240,234624
2,0,43,80,234624,235008
1,0,62,80,234624,235008
1,0,71,80,234624,235008
1,0,79,80,234624,235008
2,0,55,80,235008,238080
1,0,64,80,235008,235776
1,0,72,80,235008,235392
1,0,76,80,235008,235392
1,0,76,80,235392,235776
1,0,79,80,235392,235776
1,0,66,80,235776,236544
1,0,69,80,235776,236160
1,0,72,80,235776,236160
1,0,72,80,236160,236544
1,0,76,80,236160,236544
1,0,67,80,236544,236928
1,0,71,80,236544,236928
1,0,74,80,236544,236928
1,0,62,80,236928,237120
1,0,67,80,236928,237120
1,0,71,80,236928,237120
1,0,60,80,237120,237312
1,0,69,80,237120,237312
1,0,72,80,237120,237312
2,0,59,80,237312,237696
1,0,71,80,237312,237696
1,0,74,80,237312,237696
2,0,55,80,237696,238080
1,0,74,80,237696,238080
1,0,83,80,237696,238080
2,0,43,80,238080,242688
2,0,55,80,238080,242688
1,0,65,80,238080,238464
1,0,71,80,238080,238464
1,0,80,80,238080,238464
1,0,64,80,238464,238848
1,0,72,80,238464,238848
1,0,81,80,238464,238848
1,0,63,80,238848,239232
1,0,69,80,238848,239232
1,0,78,80,238848,239232
1,0,62,80,239232,239616
1,0,71,80,239232,239616
1,0,79,80,239232,239616
1,0,60,80,239616,239808
1,0,72,80,239616,240000
1,0,76,80,239616,239808
1,0,62,80,239808,240000
1,0,78,80,239808,240000
1,0,64,80,240000,240192
1,0,64,80,240000,240192
1,0,79,80,240000,240192
1,0,60,80,240192,240384
1,0,66,80,240192,240384
1,0,76,80,240192,240384
2,0,59,80,240384,240768
1,0,67,80,240384,240768
1,0,74,80,240384,240768
2,0,55,80,240768,241152
1,0,74,80,240768,241152
1,0,83,80,240768,241152
1,0,65,80,241152,241536
1,0,71,80,241152,241536
1,0,80,80,241152,241536
1,0,64,80,241536,241920
1,0,72,80,241536,241920
1,0,81,80,241536,241920
1,0,63,80,241920,242304
1,0,69,80,241920,242304
1,0,78,80,241920,242304
1,0,62,80,242304,242688
1,0,71,80,242304,242688
1,0,79,80,242304,242688
1,0,60,80,242688,243072
1,0,64,80,242688,243072
1,0,67,80,242688,243072
1,0,76,80,242688,243072
1,0,60,80,243072,243456
1,0,64,80,243072,243456
1,0,67,80,243072,243456
1,0,76,80,243072,243456
1,0,60,80,243456,243840
1,0,64,80,243456,243840
1,0,67,80,243456,243840
1,0,76,80,243456,243840
1,0,81,80,243840,244224
2,0,50,80,244224,244608
1,0,62,80,244224,244608
1,0,69,80,244224,244608
1,0,72,80,244224,244608
1,0,78,80,244224,244608
2,0,50,80,244608,244992
1,0,62,80,244608,244992
1,0,69,80,244608,244992
1,0,72,80,244608,244992
1,0,78,80,244608,244944
1,0,79,80,244944,244992
2,0,50,80,244992,245376
1,0,62,80,244992,245376
1,0,69,80,244992,245376
1,0,72,80,244992,245376
1,0,78,80,244992,245376
1,0,76,80,245376,245568
1,0,78,80,245568,245760
2,0,43,80,245760,246144
1,0,62,80,245760,246144
1,0,71,80,245760,246144
1,0,71,80,245760,246144
1,0,79,80,245760,246144
2,0,43,80,246144,246528
1,0,62,80,246144,246528
1,0,71,80,246144,246528
1,0,71,80,246144,246528
1,0,79,80,246144,246528
2,0,43,80,246528,246912
1,0,62,80,246528,246912
1,0,71,80,246528,246912
1,0,71,80,246528,246912
1,0,79,80,246528,246720
1,0,83,80,246720,246912
1,0,86,80,246912,247104
1,0,83,80,247104,247296
2,0,47,80,247296,247680
1,0,71,80,247296,247680
1,0,74,80,247296,247680
1,0,79,80,247296,247680
2,0,47,80,247680,248064
1,0,71,80,247680,248064
1,0,74,80,247680,248064
1,0,79,80,247680,248064
2,0,47,80,248064,248448
1,0,71,80,248064,248448
1,0,74,80,248064,248448
1,0,79,80,248064,248448
1,0,83,80,248448,248640
1,0,79,80,248640,248832
2,0,48,80,248832,249216
1,0,67,80,248832,249216
1,0,72,80,248832,249216
1,0,76,80,248832,249216
2,0,48,80,249216,249600
1,0,67,80,249216,249600
1,0,72,80,249216,249600
1,0,76,80,249216,249600
2,0,48,80,249600,249984
1,0,67,80,249600,249984
1,0,72,80,249600,249984
1,0,76,80,249600,249984
1,0,88,80,249984,250176
1,0,84,80,250176,250368
2,0,48,80,250368,251136
1,0,60,80,250368,251136
1,0,64,80,250368,251904
1,0,81,80,250368,250752
1,0,81,80,250752,251136
2,0,49,80,251136,251904
1,0,61,80,251136,251904
1,0,81,80,251136,251520
1,0,83,80,251520,251712
1,0,79,80,251712,251904
2,0,50,80,251904,252672
1,0,62,80,251904,252672
1,0,62,80,251904,258816
1,0,78,80,251904,252288
1,0,86,80,252288,252672
1,0,83,80,252672,253056
1,0,76,80,253056,253440
1,0,80,80,253056,253440
1,0,72,80,253440,253824
1,0,88,80,253440,253824
1,0,69,80,253824,254208
1,0,84,80,253824,254208
1,0,66,80,254208,254592
1,0,81,80,254208,254592
1,0,74,80,254592,254976
1,0,78,80,254592,254976
1,0,71,80,254976,255360
1,0,86,80,254976,255360
1,0,67,80,255360,255744
1,0,83,80,255360,255744
1,0,64,80,255744,256128
1,0,79,80,255744,256128
1,0,72,80,256128,256512
1,0,76,80,256128,256512
1,0,69,80,256512,256896
1,0,84,80,256512,256896
1,0,66,80,256896,257280
1,0,81,80,256896,257280
1,0,62,80,257280,257664
1,0,78,80,257280,257664
2,0,50,80,257664,258048
1,0,66,80,257664,258048
1,0,81,80,257664,258048
2,0,47,80,258048,258432
1,0,67,80,258048,258432
1,0,79,80,258048,258432
2,0,43,80,258432,258816
1,0,83,80,258432,258816
2,0,48,80,258816,259200
1,0,64,80,258816,259200
1,0,81,80,258816,259200
2,0,45,80,259200,259584
1,0,60,80,259200,259584
1,0,69,80,259200,259584
1,0,84,80,259200,259584
2,0,42,80,259584,259968
2,0,57,80,259584,259968
1,0,72,80,259584,260736
1,0,88,80,259584,260736
2,0,45,80,259968,260160
1,0,60,80,259968,260160
2,0,42,80,260160,260352
2,0,57,80,260160,260352
2,0,38,80,260352,260736
2,0,54,80,260352,260736
2,0,40,80,260736,260928
2,0,55,80,260736,260928
1,0,71,80,260736,260928
1,0,86,80,260736,260928
2,0,42,80,260928,261120
2,0,57,80,260928,261120
1,0,69,80,260928,261120
1,0,84,80,260928,261120
2,0,43,80,261120,261888
2,0,59,80,261120,261888
1,0,67,80,261120,261888
1,0,83,80,261120,261312
1,0,86,80,261312,261504
1,0,83,80,261504,261696
1,0,79,80,261696,261888
1,0,74,80,261888,262080
1,0,71,80,262080,262272
1,0,67,80,262272,262464
1,0,71,80,262464,262656
2,0,42,80,262656,263424
1,0,62,80,262656,263424
1,0,69,80,262656,262848
1,0,69,80,262656,263424
1,0,71,80,262848,263040
1,0,72,80,263040,263232
1,0,74,80,263232,263424
1,0,76,80,263424,263616
1,0,74,80,263616,263808
1,0,76,80,263808,264000
1,0,72,80,264000,264192
2,0,43,80,264192,264960
1,0,62,80,264192,264960
1,0,71,80,264192,264384
1,0,71,80,264192,264960
1,0,74,80,264384,264576
1,0,71,80,264576,264768
1,0,67,80,264768,264960
1,0,62,80,264960,265152
1,0,67,80,265152,265344
1,0,62,80,265344,265536
2,0,59,80,265536,265728
2,0,48,80,265728,266112
2,0,52,80,265728,266112
2,0,57,80,265728,265920
1,0,60,80,265728,266112
1,0,64,80,265920,266112
1,0,60,80,266112,266304
2,0,57,80,266304,266496
2,0,50,80,266496,266880
2,0,53,80,266496,266880
2,0,56,80,266496,266688
2,0,59,80,266496,266880
1,0,65,80,266688,266880
1,0,62,80,266880,267072
2,0,59,80,267072,267264
2,0,48,80,267264,267648
2,0,52,80,267264,267648
2,0,57,80,267264,267456
1,0,60,80,267264,267648
1,0,64,80,267456,267648
1,0,60,80,267648,267840
2,0,57,80,267840,268032
2,0,50,80,268032,268416
2,0,53,80,268032,268416
2,0,56,80,268032,268224
2,0,59,80,268032,268416
1,0,65,80,268224,268416
1,0,62,80,268416,268608
2,0,59,80,268608,268800
2,0,48,80,268800,269184
2,0,52,80,268800,269184
2,0,57,80,268800,268992
1,0,60,80,268800,269184
1,0,60,80,268992,269184
1,0,64,80,269184,269376
1,0,69,80,269376,269568
1,0,72,80,269568,269760
1,0,76,80,269760,269952
1,0,72,80,269952,270144
1,0,69,80,270144,270336
2,0,48,80,270336,270720
2,0,57,80,270336,270720
1,0,63,80,270336,270720
1,0,66,80,270336,270528
1,0,75,80,270528,270720
1,0,72,80,270720,270912
1,0,69,80,270912,271104
2,0,46,80,271104,271488
2,0,58,80,271104,271488
1,0,62,80,271104,271488
1,0,67,80,271104,271296
1,0,74,80,271296,271488
1,0,70,80,271488,271680
1,0,67,80,271680,271872
2,0,48,80,271872,272256
2,0,57,80,271872,272256
1,0,63,80,271872,272256
1,0,66,80,271872,272064
1,0,75,80,272064,272256
1,0,72,80,272256,272448
1,0,69,80,272448,272640
2,0,46,80,272640,273024
2,0,58,80,272640,273024
1,0,62,80,272640,273024
1,0,67,80,272640,272832
1,0,79,80,272832,273024
1,0,74,80,273024,273216
1,0,70,80,273216,273408
2,0,43,80,273408,273600
2,0,55,80,273408,273600
2,0,55,80,273408,273600
1,0,67,80,273408,273600
2,0,55,80,273600,273792
1,0,67,80,273600,273792
1,0,67,80,273600,273792
1,0,79,80,273600,273792
2,0,50,80,273792,273984
1,0,62,80,273792,273984
1,0,62,80,273792,273984
1,0,74,80,273792,273984
2,0,46,80,273984,274176
2,0,58,80,273984,274176
2,0,58,80,273984,274176
1,0,70,80,273984,274176
2,0,43,80,274176,274368
2,0,55,80,274176,274368
2,0,55,80,274176,274368
1,0,67,80,274176,274368
2,0,55,80,274368,274560
1,0,67,80,274368,274560
1,0,67,80,274368,274560
1,0,79,80,274368,274560
2,0,50,80,274560,274752
1,0,62,80,274560,274752
1,0,62,80,274560,274752
1,0,74,80,274560,274752
2,0,46,80,274752,274944
2,0,58,80,274752,274944
2,0,58,80,274752,274944
1,0,70,80,274752,274944
2,0,43,80,274944,275136
2,0,55,80,274944,275136
2,0,55,80,274944,275136
1,0,67,80,274944,275136
2,0,55,80,275136,275328
1,0,67,80,275136,275328
1,0,67,80,275136,275328
1,0,79,80,275136,275328
2,0,51,80,275328,275520
1,0,63,80,275328,275520
1,0,63,80,275328,275520
1,0,75,80,275328,275520
2,0,48,80,275520,275712
1,0,60,80,275520,275712
1,0,60,80,275520,275712
1,0,72,80,275520,275712
2,0,43,80,275712,275904
2,0,55,80,275712,275904
2,0,55,80,275712,275904
1,0,67,80,275712,275904
2,0,55,80,275904,276096
1,0,67,80,275904,276096
1,0,67,80,275904,276096
1,0,79,80,275904,276096
2,0,51,80,276096,276288
1,0,63,80,276096,276288
1,0,63,80,276096,276288
1,0,75,80,276096,276288
2,0,48,80,276288,276480
1,0,60,80,276288,276480
1,0,60,80,276288,276480
1,0,72,80,276288,276480
2,0,43,80,276480,276672
2,0,55,80,276480,276672
2,0,55,80,276480,276672
1,0,67,80,276480,276672
2,0,55,80,276672,276864
1,0,67,80,276672,276864
1,0,67,80,276672,276864
1,0,79,80,276672,276864
2,0,50,80,276864,277056
1,0,62,80,276864,277056
1,0,62,80,276864,277056
1,0,74,80,276864,277056
2,0,46,80,277056,277248
2,0,58,80,277056,277248
2,0,58,80,277056,277248
1,0,70,80,277056,277248
2,0,43,80,277248,277440
2,0,55,80,277248,277440
2,0,55,80,277248,277440
1,0,67,80,277248,277440
2,0,55,80,277440,277632
2,0,58,80,277440,277632
1,0,67,80,277440,277632
1,0,79,80,277440,277632
2,0,50,80,277632,277824
1,0,62,80,277632,277824
1,0,62,80,277632,277824
1,0,74,80,277632,277824
2,0,46,80,277824,278016
2,0,58,80,277824,278016
1,0,67,80,277824,278016
1,0,70,80,277824,278016
2,0,43,80,278016,279744
2,0,58,80,278016,279552
1,0,63,80,278016,279552
1,0,67,80,278016,278208
1,0,79,80,278208,278400
1,0,75,80,278400,278592
1,0,70,80,278592,278784
1,0,67,80,278784,278976
1,0,62,80,278976,279168
1,0,63,80,279168,279360
1,0,65,80,279360,279552
2,0,55,80,279552,279744
2,0,55,80,279552,279744
1,0,67,80,279552,279744
2,0,46,80,279744,279936
2,0,58,80,279744,279936
2,0,58,80,279744,279936
1,0,70,80,279744,279936
2,0,51,80,279936,280128
1,0,63,80,279936,280128
1,0,63,80,279936,280128
1,0,75,80,279936,280128
2,0,55,80,280128,280320
1,0,67,80,280128,280320
1,0,67,80,280128,280320
1,0,79,80,280128,280320
2,0,58,80,280320,280512
1,0,70,80,280320,280512
1,0,70,80,280320,280512
1,0,82,80,280320,280512
2,0,55,80,280512,280704
1,0,67,80,280512,280704
1,0,67,80,280512,280704
1,0,79,80,280512,280704
2,0,58,80,280704,280896
1,0,70,80,280704,280896
1,0,70,80,280704,280896
1,0,82,80,280704,280896
2,0,55,80,280896,281088
1,0,67,80,280896,281088
1,0,67,80,280896,281088
1,0,79,80,280896,281088
2,0,51,80,281088,281280
1,0,63,80,281088,281280
1,0,63,80,281088,281280
1,0,75,80,281088,281280
2,0,55,80,281280,281472
1,0,67,80,281280,281472
1,0,67,80,281280,281472
1,0,79,80,281280,281472
2,0,58,80,281472,281664
1,0,70,80,281472,281664
1,0,70,80,281472,281664
1,0,82,80,281472,281664
2,0,55,80,281664,281856
1,0,67,80,281664,281856
1,0,67,80,281664,281856
1,0,79,80,281664,281856
2,0,51,80,281856,282048
1,0,63,80,281856,282048
1,0,63,80,281856,282048
1,0,75,80,281856,282048
2,0,46,80,282048,282240
2,0,58,80,282048,282240
2,0,58,80,282048,282240
1,0,70,80,282048,282240
2,0,51,80,282240,282432
1,0,63,80,282240,282432
1,0,63,80,282240,282432
1,0,75,80,282240,282432
2,0,46,80,282432,282624
2,0,58,80,282432,282624
2,0,58,80,282432,282624
1,0,70,80,282432,282624
2,0,51,80,282624,282816
1,0,63,80,282624,282816
1,0,63,80,282624,282816
1,0,75,80,282624,282816
2,0,55,80,282816,283008
1,0,67,80,282816,283008
1,0,67,80,282816,283008
1,0,79,80,282816,283008
2,0,58,80,283008,283200
1,0,70,80,283008,283200
1,0,70,80,283008,283200
1,0,82,80,283008,283200
2,0,55,80,283200,283392
1,0,67,80,283200,283392
1,0,67,80,283200,283392
1,0,79,80,283200,283392
2,0,51,80,283392,283584
1,0,63,80,283392,283584
1,0,63,80,283392,283584
1,0,75,80,283392,283584
2,0,46,80,283584,283776
2,0,58,80,283584,283776
2,0,58,80,283584,283776
1,0,70,80,283584,283776
2,0,51,80,283776,283968
1,0,63,80,283776,283968
1,0,63,80,283776,283968
1,0,75,80,283776,283968
2,0,46,80,283968,284160
2,0,58,80,283968,284160
2,0,58,80,283968,284160
1,0,70,80,283968,284160
2,0,51,80,284160,284352
1,0,63,80,284160,284352
1,0,63,80,284160,284352
1,0,75,80,284160,284352
2,0,46,80,284352,284544
2,0,58,80,284352,284544
2,0,58,80,284352,284544
1,0,70,80,284352,284544
2,0,51,80,284544,284736
1,0,63,80,284544,284736
1,0,63,80,284544,284736
1,0,75,80,284544,284736
2,0,46,80,284736,284928
2,0,58,80,284736,284928
2,0,58,80,284736,284928
1,0,70,80,284736,284928
2,0,51,80,284928,285120
1,0,63,80,284928,285312
1,0,63,80,284928,285312
1,0,75,80,284928,285120
2,0,46,80,285120,285312
1,0,70,80,285120,285312
2,0,51,80,285312,285504
1,0,63,80,285312,285696
1,0,70,80,285312,285696
1,0,75,80,285312,285504
2,0,53,80,285504,285696
1,0,74,80,285504,285696
2,0,55,80,285696,287616
1,0,63,80,285696,287616
1,0,70,80,285696,287616
1,0,73,80,285696,287616
2,0,55,80,287616,288000
1,0,63,80,287616,288000
1,0,70,80,287616,288000
1,0,73,80,287616,288000
2,0,55,80,288000,288384
1,0,63,80,288000,288384
1,0,70,80,288000,288384
1,0,73,80,288000,288384
2,0,55,80,288384,288768
1,0,63,80,288384,288768
1,0,70,80,288384,288768
1,0,73,80,288384,288768
2,0,55,80,288768,290688
1,0,63,80,288768,290688
1,0,70,80,288768,290688
1,0,73,80,288768,290688
2,0,55,80,290688,291072
1,0,63,80,290688,291072
1,0,70,80,290688,291072
1,0,73,80,290688,291072
2,0,55,80,291072,291456
1,0,63,80,291072,291456
1,0,70,80,291072,291456
1,0,73,80,291072,291456
2,0,55,80,291456,291840
1,0,63,80,291456,291840
1,0,70,80,291456,291840
1,0,73,80,291456,291840
2,0,54,80,291840,293760
1,0,63,80,291840,293376
1,0,69,80,291840,293760
1,0,72,80,291840,293760
1,0,62,80,293376,293760
2,0,54,80,293760,294144
1,0,62,80,293760,294144
1,0,69,80,293760,294144
1,0,72,80,293760,294144
2,0,54,80,294144,294528
1,0,62,80,294144,294528
1,0,69,80,294144,294528
1,0,72,80,294144,294528
2,0,54,80,294528,294912
1,0,62,80,294528,294912
1,0,69,80,294528,294912
1,0,72,80,294528,294912
2,0,55,80,294912,295680
1,0,62,80,294912,295680
1,0,67,80,294912,295680
1,0,71,80,294912,295680
2,0,48,80,295680,296448
1,0,60,80,295680,296448
1,0,64,80,295680,296448
1,0,69,80,295680,295872
1,0,71,80,295872,296064
1,0,72,80,296064,296256
1,0,69,80,296256,296448
2,0,50,80,296448,297984
2,0,59,80,296448,297216
1,0,62,80,296448,297216
1,0,67,80,296448,297216
2,0,57,80,297216,297984
1,0,60,80,297216,297984
1,0,66,80,297216,297408
1,0,67,80,297408,297600
1,0,69,80,297600,297792
1,0,66,80,297792,297984
2,0,43,80,297984,298368
2,0,55,80,297984,298176
2,0,59,80,297984,298176
1,0,67,80,297984,298752
2,0,50,80,298176,298368
1,0,62,80,298176,298368
2,0,55,80,298368,298560
2,0,59,80,298368,298560
2,0,50,80,298560,298752
1,0,62,80,298560,298752
2,0,55,80,298752,298944
2,0,59,80,298752,298944
2,0,50,80,298944,299136
1,0,62,80,298944,299136
2,0,55,80,299136,299328
2,0,59,80,299136,299328
1,0,74,80,299136,299328
2,0,50,80,299328,299520
1,0,62,80,299328,299520
1,0,71,80,299328,299520
2,0,43,80,299520,299904
2,0,54,80,299520,299712
1,0,60,80,299520,299712
1,0,69,80,299520,299904
2,0,50,80,299712,299904
1,0,62,80,299712,299904
2,0,54,80,299904,300096
1,0,60,80,299904,300096
1,0,69,80,299904,300096
2,0,50,80,300096,300288
1,0,62,80,300096,300288
1,0,72,80,300096,300288
2,0,54,80,300288,300480
1,0,60,80,300288,300480
1,0,76,80,300288,300672
2,0,50,80,300480,300672
1,0,62,80,300480,300672
2,0,54,80,300672,300864
1,0,60,80,300672,300864
1,0,76,80,300672,300864
2,0,50,80,300864,301056
1,0,62,80,300864,301056
1,0,74,80,300864,301056
2,0,43,80,301056,301440
2,0,55,80,301056,301248
2,0,59,80,301056,301248
1,0,74,80,301056,301824
2,0,50,80,301248,301440
1,0,62,80,301248,301440
2,0,55,80,301440,301632
2,0,59,80,301440,301632
2,0,50,80,301632,301824
1,0,62,80,301632,301824
2,0,55,80,301824,302016
2,0,59,80,301824,302016
1,0,79,80,301824,302208
2,0,50,80,302016,302208
1,0,62,80,302016,302208
2,0,55,80,302208,302400
2,0,59,80,302208,302400
1,0,74,80,302208,302400
2,0,50,80,302400,302592
1,0,62,80,302400,302592
1,0,71,80,302400,302592
2,0,43,80,302592,302976
2,0,54,80,302592,302784
1,0,60,80,302592,302784
1,0,69,80,302592,302976
2,0,50,80,302784,302976
1,0,62,80,302784,302976
2,0,54,80,302976,303168
1,0,60,80,302976,303168
1,0,69,80,302976,303168
2,0,50,80,303168,303360
1,0,62,80,303168,303360
1,0,71,80,303168,303360
2,0,54,80,303360,303552
1,0,60,80,303360,303552
1,0,72,80,303360,303552
2,0,50,80,303552,303744
1,0,62,80,303552,303744
1,0,71,80,303552,303744
2,0,54,80,303744,303936
1,0,60,80,303744,303936
1,0,72,80,303744,303936
2,0,50,80,303936,304128
1,0,62,80,303936,304128
1,0,69,80,303936,304128
2,0,43,80,304128,304512
2,0,55,80,304128,304320
2,0,59,80,304128,304320
1,0,67,80,304128,304896
2,0,50,80,304320,304512
1,0,62,80,304320,304512
2,0,55,80,304512,304704
2,0,59,80,304512,304704
2,0,50,80,304704,304896
1,0,62,80,304704,304896
2,0,55,80,304896,305088
2,0,59,80,304896,305088
1,0,62,80,304896,305280
2,0,50,80,305088,305280
1,0,62,80,305088,305280
2,0,55,80,305280,305472
2,0,59,80,305280,305472
1,0,74,80,305280,305472
2,0,50,80,305472,305664
1,0,62,80,305472,305664
1,0,71,80,305472,305664
2,0,43,80,305664,306048
2,0,54,80,305664,305856
1,0,60,80,305664,305856
1,0,69,80,305664,306048
2,0,50,80,305856,306048
1,0,62,80,305856,306048
2,0,54,80,306048,306240
1,0,60,80,306048,306240
1,0,69,80,306048,306240
2,0,50,80,306240,306432
1,0,62,80,306240,306432
1,0,72,80,306240,306432
2,0,54,80,306432,306624
1,0,60,80,306432,306624
1,0,76,80,306432,306816
2,0,50,80,306624,306816
1,0,62,80,306624,306816
2,0,54,80,306816,307008
1,0,60,80,306816,307008
1,0,76,80,306816,307008
2,0,50,80,307008,307200
1,0,62,80,307008,307200
1,0,74,80,307008,307200
2,0,43,80,307200,307584
2,0,55,80,307200,307392
2,0,59,80,307200,307392
1,0,74,80,307200,307968
2,0,50,80,307392,307584
1,0,62,80,307392,307584
2,0,55,80,307584,307776
2,0,59,80,307584,307776
2,0,50,80,307776,307968
1,0,62,80,307776,307968
2,0,55,80,307968,308352
2,0,59,80,307968,308352
1,0,79,80,307968,308352
1,0,66,80,308352,308736
1,0,72,80,308352,308736
1,0,76,80,308352,308544
1,0,74,80,308544,308736
1,0,67,80,308736,309120
1,0,71,80,308736,309120
1,0,74,80,308736,309120
1,0,66,80,309120,309504
1,0,72,80,309120,309504
1,0,76,80,309120,309312
1,0,74,80,309312,309504
1,0,67,80,309504,309888
1,0,71,80,309504,309888
1,0,74,80,309504,309888
1,0,66,80,309888,310272
1,0,72,80,309888,310272
1,0,76,80,309888,310080
1,0,74,80,310080,310272
1,0,67,80,310272,311040
1,0,71,80,310272,311040
1,0,74,80,310272,311040
1,0,79,80,311040,311424
1,0,66,80,311424,311808
1,0,72,80,311424,311808
1,0,76,80,311424,311616
1,0,74,80,311616,311808
1,0,67,80,311808,312192
1,0,71,80,311808,312192
1,0,74,80,311808,312192
1,0,66,80,312192,312576
1,0,72,80,312192,312576
1,0,76,80,312192,312384
1,0,74,80,312384,312576
1,0,67,80,312576,312960
1,0,71,80,312576,312960
1,0,74,80,312576,312960
1,0,68,80,312960,313344
1,0,74,80,312960,313344
1,0,77,80,312960,313152
1,0,76,80,313152,313344
1,0,69,80,313344,313728
1,0,72,80,313344,313728
1,0,76,80,313344,313728
1,0,68,80,313728,314112
1,0,74,80,313728,314112
1,0,77,80,313728,313920
1,0,76,80,313920,314112
1,0,69,80,314112,314496
1,0,72,80,314112,314496
1,0,76,80,314112,314496
1,0,62,80,314496,314688
1,0,65,80,314496,314688
1,0,71,80,314496,314688
1,0,80,80,314496,314688
1,0,60,80,314688,314880
1,0,64,80,314688,314880
1,0,72,80,314688,314880
1,0,81,80,314688,314880
1,0,60,80,314880,315264
1,0,64,80,314880,315264
1,0,72,80,314880,315264
1,0,81,80,314880,315264
2,0,59,80,315264,315456
1,0,62,80,315264,315456
1,0,74,80,315264,315456
1,0,83,80,315264,315456
2,0,57,80,315456,315648
1,0,60,80,315456,315648
1,0,76,80,315456,315648
1,0,84,80,315456,315648
2,0,57,80,315648,316032
1,0,60,80,315648,316032
1,0,76,80,315648,316032
1,0,84,80,315648,316032
1,0,60,80,316032,316224
1,0,63,80,316032,316224
1,0,69,80,316032,316224
1,0,78,80,316032,316224
2,0,59,80,316224,316416
1,0,62,80,316224,316416
1,0,71,80,316224,316416
1,0,79,80,316224,316416
2,0,59,80,316416,316800
1,0,62,80,316416,316800
1,0,71,80,316416,316800
1,0,79,80,316416,316800
2,0,57,80,316800,316992
1,0,60,80,316800,316992
1,0,72,80,316800,316992
1,0,81,80,316800,316992
2,0,55,80,316992,317184
2,0,59,80,316992,317184
1,0,74,80,316992,317184
1,0,83,80,316992,317184
2,0,55,80,317184,317568
2,0,59,80,317184,317568
1,0,74,80,317184,317568
1,0,83,80,317184,317568
2,0,55,80,317568,317760
1,0,71,80,317568,317952
1,0,86,80,317568,317760
1,0,67,80,317760,317952
1,0,83,80,317760,317952
2,0,55,80,317952,318336
1,0,66,80,317952,318144
1,0,72,80,317952,318144
1,0,81,80,317952,318336
1,0,62,80,318144,318336
1,0,62,80,318144,318336
1,0,66,80,318336,318528
1,0,72,80,318336,318528
1,0,81,80,318336,318528
1,0,62,80,318528,318720
1,0,62,80,318528,318720
1,0,84,80,318528,318720
1,0,66,80,318720,318912
1,0,72,80,318720,318912
1,0,88,80,318720,319104
1,0,62,80,318912,319104
1,0,62,80,318912,319104
1,0,66,80,319104,319296
1,0,72,80,319104,319296
1,0,88,80,319104,319296
1,0,62,80,319296,319488
1,0,62,80,319296,319488
1,0,86,80,319296,319488
2,0,55,80,319488,319872
1,0,67,80,319488,319680
1,0,71,80,319488,319680
1,0,86,80,319488,320256
1,0,62,80,319680,319872
1,0,62,80,319680,319872
1,0,67,80,319872,320064
1,0,71,80,319872,320064
1,0,62,80,320064,320256
1,0,62,80,320064,320256
1,0,67,80,320256,320448
1,0,71,80,320256,320448
1,0,91,80,320256,320640
1,0,62,80,320448,320640
1,0,62,80,320448,320640
1,0,67,80,320640,320832
1,0,71,80,320640,320832
1,0,86,80,320640,320832
1,0,62,80,320832,321024
1,0,62,80,320832,321024
1,0,83,80,320832,321024
2,0,55,80,321024,321408
1,0,66,80,321024,321216
1,0,72,80,321024,321216
1,0,81,80,321024,321408
1,0,62,80,321216,321408
1,0,62,80,321216,321408
1,0,66,80,321408,321600
1,0,72,80,321408,321600
1,0,81,80,321408,321600
1,0,62,80,321600,321792
1,0,62,80,321600,321792
1,0,83,80,321600,321792
1,0,66,80,321792,321984
1,0,72,80,321792,321984
1,0,84,80,321792,321984
1,0,62,80,321984,322176
1,0,62,80,321984,322176
1,0,83,80,321984,322176
1,0,66,80,322176,322368
1,0,72,80,322176,322368
1,0,84,80,322176,322368
1,0,62,80,322368,322560
1,0,62,80,322368,322560
1,0,81,80,322368,322560
2,0,55,80,322560,322896
1,0,67,80,322560,322752
1,0,71,80,322560,322752
1,0,79,80,322560,323328
1,0,62,80,322752,322944
1,0,62,80,322752,322944
1,0,67,80,322944,323136
1,0,71,80,322944,323136
1,0,62,80,323136,323328
1,0,62,80,323136,323328
1,0,67,80,323328,323520
1,0,71,80,323328,323520
1,0,74,80,323328,323712
1,0,62,80,323520,323712
1,0,62,80,323520,323712
1,0,67,80,323712,323904
1,0,71,80,323712,323904
1,0,86,80,323712,323904
1,0,62,80,323904,324096
1,0,62,80,323904,324096
1,0,83,80,323904,324096
2,0,42,80,324048,324096
2,0,43,80,324096,324816
1,0,66,80,324096,324288
1,0,72,80,324096,324288
1,0,81,80,324096,324480
1,0,62,80,324288,324480
1,0,62,80,324288,324480
1,0,66,80,324480,324672
1,0,72,80,324480,324672
1,0,81,80,324480,324672
1,0,62,80,324672,324864
1,0,62,80,324672,324864
1,0,84,80,324672,324864
1,0,66,80,324864,325056
1,0,72,80,324864,325056
1,0,88,80,324864,325248
1,0,62,80,325056,325248
1,0,62,80,325056,325248
1,0,66,80,325248,325440
1,0,72,80,325248,325440
1,0,88,80,325248,325440
1,0,62,80,325440,325632
1,0,62,80,325440,325632
1,0,86,80,325440,325632
2,0,42,80,325584,325632
2,0,43,80,325632,326352
1,0,67,80,325632,325824
1,0,71,80,325632,325824
1,0,86,80,325632,326400
1,0,62,80,325824,326016
1,0,62,80,325824,326016
1,0,67,80,326016,326208
1,0,71,80,326016,326208
1,0,62,80,326208,326400
1,0,62,80,326208,326400
1,0,67,80,326400,326592
1,0,71,80,326400,326592
1,0,91,80,326400,326784
1,0,62,80,326592,326784
1,0,62,80,326592,326784
1,0,67,80,326784,326976
1,0,71,80,326784,326976
1,0,86,80,326784,326976
1,0,62,80,326976,327168
1,0,62,80,326976,327168
1,0,83,80,326976,327168
2,0,42,80,327120,327168
2,0,43,80,327168,327888
1,0,66,80,327168,327360
1,0,72,80,327168,327360
1,0,81,80,327168,327552
1,0,62,80,327360,327552
1,0,62,80,327360,327552
1,0,66,80,327552,327744
1,0,72,80,327552,327744
1,0,81,80,327552,327744
1,0,62,80,327744,327936
1,0,62,80,327744,327936
1,0,83,80,327744,327936
1,0,66,80,327936,328128
1,0,72,80,327936,328128
1,0,84,80,327936,328128
1,0,62,80,328128,328320
1,0,62,80,328128,328320
1,0,83,80,328128,328320
1,0,66,80,328320,328512
1,0,72,80,328320,328512
1,0,84,80,328320,328512
1,0,62,80,328512,328704
1,0,62,80,328512,328704
1,0,81,80,328512,328704
2,0,42,80,328656,328704
2,0,43,80,328704,329472
1,0,67,80,328704,329088
1,0,71,80,328704,329088
1,0,83,80,328704,328896
1,0,79,80,328896,329088
1,0,83,80,329088,329280
1,0,86,80,329280,329472
1,0,91,80,329472,329664
1,0,79,80,329664,329856
1,0,62,80,329856,330240
1,0,65,80,329856,330240
1,0,83,80,329856,330048
1,0,83,80,329856,330240
1,0,86,80,330048,330240
2,0,59,80,330240,330624
1,0,62,80,330240,330624
1,0,80,80,330240,330624
1,0,89,80,330240,330624
1,0,60,80,330624,331008
1,0,64,80,330624,331008
1,0,81,80,330624,331008
1,0,88,80,330624,331008
2,0,57,80,331008,331392
1,0,60,80,331008,331392
1,0,78,80,331008,331392
1,0,87,80,331008,331392
2,0,59,80,331392,331776
1,0,62,80,331392,331776
1,0,79,80,331392,332160
1,0,86,80,331392,331776
1,0,60,80,331776,332544
1,0,64,80,331776,332544
1,0,86,80,331776,332160
1,0,81,80,332160,332544
1,0,84,80,332160,332544
1,0,62,80,332544,332928
1,0,62,80,332544,333312
1,0,79,80,332544,332928
1,0,83,80,332544,332928
1,0,60,80,332928,333312
1,0,78,80,332928,333312
1,0,81,80,332928,333312
2,0,55,80,333312,333696
2,0,59,80,333312,333696
1,0,79,80,333312,333504
1,0,79,80,333312,333696
1,0,67,80,333504,333696
1,0,71,80,333696,333888
1,0,74,80,333888,334080
1,0,79,80,334080,334272
1,0,67,80,334272,334464
1,0,62,80,334464,334848
1,0,65,80,334464,334848
1,0,67,80,334464,334848
1,0,71,80,334464,334656
1,0,74,80,334656,334848
2,0,59,80,334848,335232
1,0,62,80,334848,335232
1,0,68,80,334848,335232
1,0,77,80,334848,335232
1,0,60,80,335232,335616
1,0,64,80,335232,336000
1,0,69,80,335232,335616
1,0,76,80,335232,335616
1,0,61,80,335616,336000
1,0,70,80,335616,336000
1,0,79,80,335616,336000
1,0,62,80,336000,336384
1,0,66,80,336000,336768
1,0,69,80,336000,336384
1,0,78,80,336000,336384
1,0,63,80,336384,336768
1,0,72,80,336384,336768
1,0,81,80,336384,336768
1,0,64,80,336768,337152
1,0,67,80,336768,337152
1,0,71,80,336768,337152
1,0,79,80,336768,337152
1,0,66,80,337152,337536
1,0,69,80,337152,337536
1,0,74,80,337152,337536
1,0,84,80,337152,337536
1,0,67,80,337536,337920
1,0,71,80,337536,337920
1,0,74,80,337536,337920
1,0,83,80,337536,337920
1,0,60,80,337920,338688
1,0,64,80,337920,338688
1,0,69,80,337920,338688
1,0,88,80,337920,338688
1,0,62,80,339456,340224
1,0,62,80,339456,340224
1,0,69,80,339456,340224
1,0,72,80,339456,340224
1,0,78,80,339456,340224
2,0,55,80,340992,341760
1,0,67,80,340992,341376
1,0,71,80,340992,341376
1,0,79,80,340992,341184
1,0,74,80,341184,341376
1,0,71,80,341376,341568
1,0,67,80,341568,341760
1,0,66,80,341760,342144
1,0,74,80,341760,341952
1,0,81,80,341760,342144
1,0,69,80,341952,342144
1,0,66,80,342144,342336
1,0,62,80,342336,342528
1,0,67,80,342528,342912
1,0,67,80,342528,342720
1,0,83,80,342528,342912
1,0,62,80,342720,342912
2,0,59,80,342912,343104
2,0,55,80,343104,343296
2,0,50,80,343296,343680
2,0,50,80,343296,343488
1,0,72,80,343296,343680
1,0,74,80,343296,343680
1,0,78,80,343296,343680
1,0,86,80,343296,343680
2,0,45,80,343488,343680
2,0,42,80,343680,343872
2,0,38,80,343872,344064
2,0,43,80,344064,344448
2,0,55,80,344064,344448
1,0,62,80,344064,344448
1,0,71,80,344064,344448
1,0,74,80,344064,344448
1,0,79,80,344064,344448
1,0,83,80,344064,344448
