# DoReDog MIDI extraction
# source,OpenScore Lieder Corpus (CC0)
# ticks_per_quarter,480
# meta,0,0,tempo,500000
# meta,0,0,time_signature,4/4
track,channel,pitch,vel,start,end
2,0,35,80,0,960
2,0,47,80,240,480
2,0,50,80,240,480
2,0,54,80,480,720
2,0,59,80,720,960
2,0,38,80,960,1440
2,0,54,80,1200,1440
2,0,59,80,1200,1440
2,0,42,80,1440,2400
2,0,50,80,1680,1920
2,0,54,80,1680,1920
2,0,57,80,1920,2160
1,0,62,80,2160,2400
2,0,50,80,2400,2880
2,0,54,80,2640,2880
2,0,57,80,2640,2880
2,0,49,80,2880,3360
2,0,52,80,3120,3360
2,0,57,80,3120,3360
2,0,45,80,3360,3840
1,0,61,80,3360,3600
1,0,64,80,3600,3840
2,0,47,80,3840,4320
2,0,54,80,4080,4320
1,0,62,80,4080,4320
2,0,43,80,4320,4800
2,0,47,80,4560,4800
2,0,52,80,4560,4800
2,0,40,80,4800,5280
2,0,55,80,4800,5040
2,0,59,80,5040,5280
2,0,42,80,5280,5760
2,0,49,80,5520,5760
2,0,54,80,5520,5760
2,0,58,80,5520,5760
2,0,50,80,5760,6720
2,0,54,80,5760,6720
2,0,59,80,5760,6240
2,0,59,80,5760,6720
1,0,62,80,5760,6240
2,0,35,80,6000,6240
2,0,38,80,6240,6480
2,0,59,80,6240,6720
2,0,42,80,6480,6720
2,0,54,80,6720,7200
2,0,59,80,6720,7200
2,0,47,80,6960,7200
1,0,62,80,6960,7200
2,0,59,80,7200,8160
1,0,62,80,7200,8160
1,0,66,80,7200,7680
1,0,66,80,7200,8160
2,0,35,80,7440,7680
2,0,38,80,7680,7920
1,0,66,80,7680,8160
2,0,42,80,7920,8160
1,0,66,80,8160,8640
1,0,71,80,8160,8640
1,0,74,80,8160,8640
2,0,47,80,8400,8640
1,0,74,80,8400,8640
1,0,64,80,8640,9600
1,0,69,80,8640,9600
1,0,73,80,8640,9120
1,0,73,80,8640,9600
2,0,37,80,8880,9120
2,0,40,80,9120,9360
1,0,69,80,9120,9600
2,0,45,80,9360,9600
1,0,62,80,9600,10080
1,0,66,80,9600,10080
1,0,71,80,9600,10080
1,0,71,80,9600,10080
2,0,38,80,9840,10080
2,0,58,80,10080,11040
1,0,61,80,10080,11040
1,0,66,80,10080,11040
1,0,66,80,10080,11040
2,0,42,80,10320,10560
2,0,46,80,10560,10800
2,0,49,80,10800,11040
1,0,66,80,11040,11520
1,0,71,80,11040,11520
1,0,74,80,11040,11520
2,0,35,80,11280,11520
1,0,64,80,11520,12480
1,0,69,80,11520,12480
1,0,73,80,11520,12000
1,0,73,80,11520,12480
2,0,37,80,11760,12000
2,0,40,80,12000,12240
1,0,69,80,12000,12480
2,0,45,80,12240,12480
1,0,62,80,12480,12960
1,0,66,80,12480,12960
1,0,71,80,12480,12960
1,0,71,80,12480,12960
2,0,38,80,12720,12960
2,0,59,80,12960,13920
1,0,64,80,12960,13920
1,0,67,80,12960,13440
1,0,67,80,12960,13920
2,0,40,80,13200,13440
2,0,43,80,13440,13680
1,0,64,80,13440,13920
2,0,47,80,13680,13920
2,0,57,80,13920,14400
1,0,62,80,13920,14400
1,0,66,80,13920,14400
1,0,66,80,13920,14400
2,0,45,80,14160,14400
2,0,57,80,14400,15360
1,0,62,80,14400,15360
1,0,65,80,14400,14880
1,0,69,80,14400,15120
2,0,33,80,14640,14880
2,0,38,80,14880,15120
1,0,64,80,14880,15840
2,0,45,80,15120,15360
2,0,57,80,15120,15360
2,0,57,80,15360,15840
1,0,61,80,15360,15840
1,0,64,80,15360,15840
2,0,45,80,15600,15840
2,0,57,80,15840,16320
1,0,62,80,15840,16320
1,0,62,80,15840,16320
2,0,38,80,16080,16320
2,0,41,80,16320,16560
2,0,57,80,16320,17040
1,0,61,80,16320,17040
1,0,64,80,16320,17040
2,0,45,80,16560,16800
2,0,50,80,17040,17280
2,0,57,80,17040,17280
1,0,62,80,17040,17280
1,0,65,80,17040,17280
2,0,56,80,17280,18240
1,0,62,80,17280,18240
1,0,65,80,17280,18240
2,0,33,80,17520,17760
2,0,38,80,17760,18000
2,0,45,80,18000,18240
2,0,57,80,18240,18720
1,0,61,80,18240,18720
1,0,64,80,18240,18720
2,0,45,80,18480,18720
2,0,57,80,18720,19200
1,0,62,80,18720,19200
1,0,62,80,18720,19200
2,0,38,80,18960,19200
2,0,41,80,19200,19440
2,0,57,80,19200,19920
1,0,61,80,19200,19920
1,0,64,80,19200,19920
1,0,64,80,19200,19920
2,0,45,80,19440,19680
2,0,50,80,19920,20160
2,0,57,80,19920,20160
1,0,62,80,19920,20160
1,0,65,80,19920,20160
1,0,65,80,19920,20160
2,0,56,80,20160,21120
1,0,62,80,20160,21120
1,0,65,80,20160,21120
1,0,65,80,20160,21120
2,0,33,80,20400,20640
2,0,38,80,20640,20880
2,0,45,80,20880,21120
2,0,57,80,21120,21600
1,0,61,80,21120,21600
1,0,64,80,21120,21600
1,0,64,80,21120,21600
2,0,49,80,21360,21600
1,0,61,80,21600,22080
1,0,66,80,21600,22080
1,0,69,80,21600,22080
1,0,69,80,21600,22080
2,0,42,80,21840,22080
2,0,45,80,22080,22320
2,0,59,80,22080,22800
1,0,65,80,22080,22800
1,0,68,80,22080,22800
1,0,68,80,22080,22800
2,0,49,80,22320,22560
2,0,54,80,22800,23040
2,0,57,80,22800,23040
1,0,61,80,22800,23040
1,0,66,80,22800,23040
1,0,66,80,22800,23040
1,0,61,80,23040,24000
1,0,65,80,23040,24000
1,0,68,80,23040,24000
1,0,68,80,23040,24000
2,0,37,80,23280,23520
2,0,44,80,23520,23760
2,0,49,80,23760,24000
1,0,61,80,24000,24480
1,0,73,80,24000,24480
1,0,73,80,24000,24480
2,0,49,80,24240,24480
1,0,61,80,24480,25440
1,0,64,80,24480,25440
1,0,70,80,24480,25440
2,0,42,80,24720,24960
2,0,49,80,24960,25200
1,0,70,80,24960,25440
2,0,54,80,25200,25440
2,0,59,80,25440,25920
1,0,62,80,25440,25920
1,0,71,80,25440,25920
1,0,71,80,25440,25920
2,0,43,80,25680,25920
1,0,60,80,25920,26880
1,0,66,80,25920,26880
1,0,69,80,25920,26400
1,0,69,80,25920,26880
2,0,39,80,26160,26400
2,0,45,80,26400,26640
1,0,66,80,26400,26880
2,0,51,80,26640,26880
2,0,59,80,26880,27360
1,0,64,80,26880,27360
1,0,67,80,26880,27360
1,0,67,80,26880,27360
2,0,40,80,27120,27360
2,0,59,80,27360,28320
1,0,62,80,27360,27840
1,0,62,80,27360,28320
1,0,66,80,27360,28320
2,0,30,80,27600,27840
2,0,35,80,27840,28080
1,0,66,80,27840,28560
2,0,42,80,28080,28320
2,0,58,80,28320,28800
1,0,61,80,28320,28800
1,0,66,80,28320,28800
2,0,42,80,28560,28800
1,0,66,80,28560,28800
2,0,35,80,28800,29760
2,0,59,80,28800,29280
2,0,47,80,29040,29280
2,0,50,80,29040,29280
2,0,54,80,29280,29520
2,0,59,80,29520,29760
2,0,38,80,29760,30240
2,0,54,80,30000,30240
2,0,59,80,30000,30240
2,0,42,80,30240,31200
2,0,50,80,30480,30720
2,0,54,80,30480,30720
2,0,57,80,30720,30960
1,0,62,80,30960,31200
2,0,50,80,31200,31680
2,0,54,80,31440,31680
2,0,57,80,31440,31680
2,0,49,80,31680,32160
2,0,52,80,31920,32160
2,0,57,80,31920,32160
2,0,45,80,32160,32640
1,0,61,80,32160,32400
1,0,64,80,32400,32640
2,0,47,80,32640,33120
2,0,54,80,32880,33120
1,0,62,80,32880,33120
2,0,43,80,33120,33600
2,0,47,80,33360,33600
2,0,52,80,33360,33600
2,0,40,80,33600,34080
2,0,55,80,33600,33840
2,0,59,80,33840,34080
2,0,42,80,34080,34560
2,0,49,80,34320,34560
2,0,54,80,34320,34560
2,0,58,80,34320,34560
2,0,50,80,34560,35520
2,0,54,80,34560,35520
2,0,59,80,34560,35280
2,0,59,80,34560,35520
1,0,62,80,34560,35040
2,0,35,80,34800,35040
2,0,38,80,35040,35280
2,0,42,80,35280,35520
2,0,59,80,35280,35520
2,0,54,80,35520,36000
2,0,59,80,35520,36000
1,0,62,80,35520,36000
2,0,47,80,35760,36000
2,0,59,80,36000,36960
1,0,62,80,36000,36960
1,0,66,80,36000,36480
1,0,66,80,36000,36960
2,0,35,80,36240,36480
2,0,38,80,36480,36720
1,0,66,80,36480,36960
2,0,42,80,36720,36960
1,0,66,80,36960,37440
1,0,71,80,36960,37440
1,0,74,80,36960,37440
1,0,74,80,36960,37440
2,0,47,80,37200,37440
1,0,64,80,37440,38400
1,0,69,80,37440,38400
1,0,73,80,37440,37920
1,0,73,80,37440,38400
2,0,37,80,37680,37920
2,0,40,80,37920,38160
1,0,69,80,37920,38400
2,0,45,80,38160,38400
1,0,62,80,38400,38880
1,0,66,80,38400,38880
1,0,71,80,38400,38880
1,0,71,80,38400,38880
2,0,38,80,38640,38880
2,0,58,80,38880,39840
1,0,61,80,38880,39840
1,0,66,80,38880,39840
1,0,66,80,38880,39840
2,0,42,80,39120,39360
2,0,46,80,39360,39600
2,0,49,80,39600,39840
1,0,66,80,39840,40320
1,0,71,80,39840,40320
1,0,74,80,39840,40320
2,0,35,80,40080,40320
1,0,64,80,40320,41280
1,0,69,80,40320,41280
1,0,73,80,40320,40800
1,0,73,80,40320,41280
2,0,37,80,40560,40800
2,0,40,80,40800,41040
1,0,69,80,40800,41280
2,0,45,80,41040,41280
1,0,62,80,41280,41760
1,0,66,80,41280,41760
1,0,71,80,41280,41760
1,0,71,80,41280,41760
2,0,38,80,41520,41760
2,0,59,80,41760,42720
1,0,64,80,41760,42720
1,0,67,80,41760,42240
1,0,67,80,41760,42720
2,0,40,80,42000,42240
2,0,43,80,42240,42480
1,0,64,80,42240,42720
2,0,47,80,42480,42720
2,0,57,80,42720,43200
1,0,62,80,42720,43200
1,0,66,80,42720,43200
1,0,66,80,42720,43200
2,0,45,80,42960,43200
2,0,57,80,43200,44160
1,0,62,80,43200,44160
1,0,65,80,43200,43680
1,0,69,80,43200,43920
2,0,33,80,43440,43680
2,0,38,80,43680,43920
1,0,64,80,43680,44640
2,0,45,80,43920,44160
2,0,57,80,43920,44160
2,0,57,80,44160,44640
1,0,61,80,44160,44640
1,0,64,80,44160,44640
2,0,45,80,44400,44640
2,0,57,80,44640,45120
1,0,62,80,44640,45120
1,0,62,80,44640,45120
2,0,38,80,44880,45120
2,0,41,80,45120,45360
2,0,57,80,45120,45840
1,0,61,80,45120,45840
1,0,64,80,45120,45840
2,0,45,80,45360,45600
2,0,50,80,45840,46080
2,0,57,80,45840,46080
1,0,62,80,45840,46080
1,0,65,80,45840,46080
2,0,56,80,46080,47040
1,0,62,80,46080,47040
1,0,65,80,46080,47040
2,0,33,80,46320,46560
2,0,38,80,46560,46800
2,0,45,80,46800,47040
2,0,57,80,47040,47520
1,0,61,80,47040,47520
1,0,64,80,47040,47520
2,0,45,80,47280,47520
2,0,57,80,47520,48000
1,0,62,80,47520,48000
1,0,62,80,47520,48000
2,0,38,80,47760,48000
2,0,41,80,48000,48240
2,0,57,80,48000,48720
1,0,61,80,48000,48720
1,0,64,80,48000,48720
1,0,64,80,48000,48720
2,0,45,80,48240,48480
2,0,50,80,48720,48960
2,0,57,80,48720,48960
1,0,62,80,48720,48960
1,0,65,80,48720,48960
1,0,65,80,48720,48960
2,0,56,80,48960,49920
1,0,62,80,48960,49920
1,0,65,80,48960,49680
1,0,65,80,48960,49920
2,0,33,80,49200,49440
2,0,38,80,49440,49680
2,0,45,80,49680,49920
1,0,64,80,49680,49920
2,0,57,80,49920,50400
1,0,61,80,49920,50400
1,0,64,80,49920,50400
1,0,64,80,49920,50400
2,0,49,80,50160,50400
1,0,61,80,50400,50880
1,0,66,80,50400,50880
1,0,69,80,50400,50880
1,0,69,80,50400,50880
2,0,42,80,50640,50880
2,0,45,80,50880,51120
2,0,59,80,50880,51600
1,0,65,80,50880,51600
1,0,68,80,50880,51360
1,0,68,80,50880,51600
2,0,49,80,51120,51360
1,0,66,80,51360,51840
2,0,54,80,51600,51840
2,0,57,80,51600,51840
1,0,61,80,51600,51840
1,0,66,80,51600,51840
1,0,61,80,51840,52800
1,0,65,80,51840,52800
1,0,68,80,51840,52800
1,0,68,80,51840,52800
2,0,37,80,52080,52320
2,0,44,80,52320,52560
2,0,49,80,52560,52800
1,0,61,80,52800,53280
1,0,73,80,52800,53280
2,0,49,80,53040,53280
1,0,61,80,53280,54240
1,0,64,80,53280,54240
1,0,70,80,53280,53760
1,0,70,80,53280,54240
2,0,42,80,53520,53760
2,0,49,80,53760,54000
1,0,70,80,53760,54240
2,0,54,80,54000,54240
2,0,59,80,54240,54720
1,0,62,80,54240,54720
1,0,71,80,54240,54720
1,0,71,80,54240,54720
2,0,43,80,54480,54720
1,0,60,80,54720,55680
1,0,66,80,54720,55680
1,0,69,80,54720,55200
1,0,69,80,54720,55680
2,0,39,80,54960,55200
2,0,45,80,55200,55440
1,0,66,80,55200,55680
2,0,51,80,55440,55680
2,0,59,80,55680,56160
1,0,64,80,55680,56160
1,0,67,80,55680,56160
1,0,67,80,55680,56160
2,0,40,80,55920,56160
2,0,59,80,56160,57120
1,0,62,80,56160,56640
1,0,62,80,56160,57120
1,0,66,80,56160,57120
2,0,30,80,56400,56640
2,0,35,80,56640,56880
1,0,66,80,56640,57360
2,0,42,80,56880,57120
2,0,58,80,57120,57600
1,0,61,80,57120,57600
1,0,66,80,57120,57600
2,0,42,80,57360,57600
1,0,66,80,57360,57600
2,0,35,80,57600,58560
1,0,66,80,57600,58560
2,0,47,80,57840,58080
2,0,50,80,57840,58080
2,0,54,80,58080,58320
2,0,59,80,58320,58560
2,0,38,80,58560,59040
2,0,54,80,58800,59040
2,0,59,80,58800,59040
2,0,42,80,59040,60000
2,0,50,80,59280,59520
2,0,54,80,59280,59520
2,0,57,80,59520,59760
1,0,62,80,59760,60000
2,0,50,80,60000,60480
2,0,54,80,60240,60480
2,0,57,80,60240,60480
2,0,49,80,60480,60960
2,0,52,80,60720,60960
2,0,57,80,60720,60960
2,0,45,80,60960,61440
1,0,61,80,60960,61200
1,0,64,80,61200,61440
2,0,47,80,61440,61920
2,0,54,80,61680,61920
1,0,62,80,61680,61920
2,0,43,80,61920,62400
2,0,47,80,62160,62400
2,0,52,80,62160,62400
2,0,40,80,62400,62880
2,0,55,80,62400,62640
2,0,59,80,62640,62880
2,0,42,80,62880,63360
2,0,49,80,63120,63360
2,0,54,80,63120,63360
2,0,58,80,63120,63360
2,0,35,80,63360,63840
1,0,66,80,63360,63680
1,0,66,80,63520,63840
1,0,71,80,63680,63840
2,0,50,80,63840,64560
2,0,59,80,63840,64560
1,0,71,80,63840,64320
1,0,78,80,63840,64000
1,0,66,80,64000,64160
1,0,71,80,64160,64560
1,0,78,80,64320,64480
1,0,66,80,64480,64640
2,0,50,80,64560,64800
2,0,59,80,64560,64800
1,0,71,80,64560,64800
1,0,71,80,64640,64800
2,0,54,80,64800,65280
1,0,61,80,64800,65280
1,0,73,80,64800,65280
1,0,66,80,64960,65120
1,0,73,80,65120,65760
2,0,30,80,65280,66000
2,0,42,80,65280,66000
1,0,78,80,65280,65440
1,0,66,80,65440,65600
1,0,73,80,65600,65760
1,0,78,80,65760,65920
1,0,66,80,65920,66080
2,0,30,80,66000,66240
2,0,42,80,66000,66240
1,0,73,80,66080,66240
2,0,35,80,66240,66720
2,0,47,80,66240,66720
1,0,66,80,66240,66480
1,0,66,80,66400,66560
1,0,71,80,66480,66720
1,0,71,80,66560,66720
2,0,50,80,66720,67440
2,0,59,80,66720,67440
1,0,73,80,66720,66960
1,0,78,80,66720,66880
1,0,66,80,66880,67040
1,0,74,80,66960,67200
1,0,71,80,67040,67200
1,0,73,80,67200,67440
1,0,78,80,67200,67360
1,0,66,80,67360,67520
2,0,50,80,67440,67680
2,0,59,80,67440,67680
1,0,71,80,67440,67680
1,0,71,80,67520,67680
2,0,54,80,67680,68160
1,0,61,80,67680,68160
1,0,73,80,67680,68160
1,0,66,80,67840,68000
1,0,73,80,68000,68640
2,0,30,80,68160,68880
2,0,42,80,68160,68880
1,0,78,80,68160,68320
1,0,66,80,68320,68480
1,0,73,80,68480,68640
1,0,78,80,68640,68800
1,0,66,80,68800,68960
2,0,30,80,68880,69120
2,0,42,80,68880,69120
1,0,73,80,68960,69120
2,0,35,80,69120,69600
2,0,47,80,69120,69600
1,0,74,80,69120,69600
1,0,78,80,69120,69280
1,0,66,80,69280,69440
1,0,74,80,69440,69600
2,0,37,80,69600,70080
2,0,49,80,69600,70080
1,0,73,80,69600,70080
1,0,76,80,69600,69760
1,0,64,80,69760,69920
1,0,73,80,69920,70080
2,0,38,80,70080,70560
2,0,50,80,70080,70560
1,0,71,80,70080,70560
1,0,74,80,70080,70240
1,0,62,80,70240,70400
1,0,71,80,70400,70560
2,0,40,80,70560,71040
2,0,52,80,70560,71040
1,0,69,80,70560,71040
1,0,73,80,70560,70720
1,0,61,80,70720,70880
1,0,69,80,70880,71520
2,0,33,80,71040,71520
2,0,45,80,71040,71520
1,0,73,80,71040,71200
1,0,61,80,71200,71360
1,0,64,80,71360,71520
2,0,35,80,71520,72000
2,0,47,80,71520,72000
1,0,67,80,71520,72000
1,0,71,80,71520,71680
2,0,59,80,71680,71840
1,0,62,80,71840,72000
2,0,37,80,72000,72960
2,0,49,80,72000,72960
1,0,66,80,72000,72360
1,0,69,80,72000,72160
2,0,57,80,72160,72320
1,0,61,80,72320,72480
1,0,68,80,72360,72480
1,0,66,80,72480,72640
1,0,69,80,72480,72960
2,0,57,80,72640,72800
1,0,61,80,72800,72960
2,0,25,80,72960,73440
2,0,37,80,72960,73440
1,0,65,80,72960,73440
1,0,68,80,72960,73120
2,0,59,80,73120,73280
1,0,61,80,73280,73440
2,0,30,80,73440,74400
2,0,42,80,73440,74400
1,0,66,80,73440,73600
1,0,66,80,73440,74400
2,0,54,80,73600,73760
1,0,61,80,73760,73920
1,0,73,80,73920,74080
1,0,61,80,74080,74240
1,0,66,80,74240,74400
1,0,78,80,74400,74560
1,0,66,80,74560,74720
1,0,73,80,74720,74880
2,0,35,80,74880,75360
1,0,66,80,74880,75200
1,0,78,80,74880,75040
1,0,66,80,75040,75360
1,0,71,80,75200,75360
2,0,50,80,75360,76080
2,0,59,80,75360,76080
1,0,71,80,75360,75840
1,0,78,80,75360,75520
1,0,66,80,75520,75680
1,0,71,80,75680,76080
1,0,78,80,75840,76000
1,0,66,80,76000,76160
2,0,50,80,76080,76320
2,0,59,80,76080,76320
1,0,71,80,76080,76320
1,0,71,80,76160,76320
2,0,54,80,76320,76800
1,0,61,80,76320,76800
1,0,73,80,76320,76800
1,0,78,80,76320,76480
1,0,66,80,76480,76640
1,0,73,80,76640,77280
2,0,30,80,76800,77520
2,0,42,80,76800,77520
1,0,78,80,76800,76960
1,0,66,80,76960,77120
1,0,73,80,77120,77280
1,0,66,80,77280,77520
1,0,78,80,77280,77440
1,0,66,80,77440,77600
2,0,30,80,77520,77760
2,0,42,80,77520,77760
1,0,66,80,77520,77760
1,0,73,80,77600,77760
2,0,35,80,77760,78240
2,0,47,80,77760,78240
1,0,66,80,77760,78000
1,0,78,80,77760,77920
1,0,66,80,77920,78080
1,0,71,80,78000,78240
1,0,71,80,78080,78240
2,0,50,80,78240,78960
2,0,59,80,78240,78960
1,0,73,80,78240,78480
1,0,78,80,78240,78400
1,0,66,80,78400,78560
1,0,74,80,78480,78720
1,0,71,80,78560,78720
1,0,73,80,78720,78960
1,0,78,80,78720,78880
1,0,66,80,78880,79040
2,0,50,80,78960,79200
2,0,59,80,78960,79200
1,0,71,80,78960,79200
1,0,71,80,79040,79200
2,0,54,80,79200,79680
1,0,61,80,79200,79680
1,0,73,80,79200,79680
1,0,78,80,79200,79360
1,0,66,80,79360,79520
1,0,73,80,79520,80160
2,0,30,80,79680,80400
2,0,42,80,79680,80400
1,0,78,80,79680,79840
1,0,66,80,79840,80000
1,0,73,80,80000,80160
1,0,78,80,80160,80320
1,0,66,80,80320,80480
2,0,30,80,80400,80640
2,0,42,80,80400,80640
1,0,73,80,80480,80640
2,0,35,80,80640,81120
2,0,47,80,80640,81120
1,0,74,80,80640,81120
1,0,78,80,80640,80800
1,0,66,80,80800,80960
1,0,74,80,80960,81120
2,0,37,80,81120,81600
2,0,49,80,81120,81600
1,0,73,80,81120,81600
1,0,76,80,81120,81280
1,0,64,80,81280,81440
1,0,73,80,81440,81600
2,0,38,80,81600,82080
2,0,50,80,81600,82080
1,0,71,80,81600,82080
1,0,74,80,81600,81760
1,0,62,80,81760,81920
1,0,71,80,81920,82080
2,0,40,80,82080,82560
2,0,52,80,82080,82560
1,0,69,80,82080,82560
1,0,73,80,82080,82240
1,0,61,80,82240,82400
1,0,69,80,82400,82800
2,0,33,80,82560,83040
2,0,45,80,82560,83040
1,0,73,80,82560,82720
1,0,61,80,82720,82880
1,0,69,80,82800,83040
1,0,64,80,82880,83040
2,0,35,80,83040,83520
2,0,47,80,83040,83520
1,0,67,80,83040,83520
1,0,71,80,83040,83200
2,0,59,80,83200,83360
1,0,62,80,83360,83520
2,0,37,80,83520,84480
2,0,49,80,83520,84480
1,0,66,80,83520,83880
1,0,69,80,83520,83680
2,0,57,80,83680,83840
1,0,61,80,83840,84000
1,0,68,80,83880,84000
1,0,66,80,84000,84160
1,0,69,80,84000,84480
2,0,57,80,84160,84320
1,0,61,80,84320,84480
2,0,25,80,84480,84960
2,0,37,80,84480,84960
1,0,65,80,84480,84960
1,0,68,80,84480,84640
2,0,59,80,84640,84800
1,0,61,80,84800,84960
2,0,30,80,84960,85920
2,0,42,80,84960,85920
1,0,66,80,84960,85120
1,0,66,80,84960,85920
2,0,54,80,85120,85280
1,0,61,80,85280,85440
1,0,73,80,85440,85600
1,0,61,80,85600,85760
1,0,66,80,85760,85920
1,0,78,80,85920,86080
1,0,66,80,86080,86240
1,0,73,80,86240,86400
2,0,35,80,86400,86880
2,0,47,80,86400,86880
1,0,71,80,86400,86720
1,0,83,80,86400,86560
1,0,71,80,86560,86880
1,0,78,80,86720,86880
2,0,55,80,86880,87600
1,0,64,80,86880,87600
1,0,73,80,86880,87600
1,0,83,80,86880,87040
1,0,71,80,87040,87200
1,0,76,80,87200,87360
1,0,83,80,87360,87520
1,0,71,80,87520,87680
2,0,55,80,87600,87840
1,0,64,80,87600,87840
1,0,73,80,87600,87840
1,0,73,80,87680,87840
2,0,59,80,87840,88320
1,0,66,80,87840,88320
1,0,74,80,87840,88320
1,0,83,80,87840,88000
1,0,71,80,88000,88160
1,0,74,80,88160,88560
2,0,35,80,88320,89040
2,0,47,80,88320,89040
1,0,83,80,88320,88480
1,0,71,80,88480,88640
1,0,73,80,88560,88800
1,0,74,80,88640,88800
1,0,71,80,88800,89120
1,0,83,80,88800,88960
1,0,71,80,88960,89280
2,0,35,80,89040,89280
2,0,47,80,89040,89280
1,0,74,80,89120,89280
2,0,40,80,89280,89760
2,0,52,80,89280,89760
1,0,71,80,89280,89520
1,0,83,80,89280,89440
1,0,71,80,89440,89600
1,0,74,80,89520,89760
1,0,79,80,89600,89760
2,0,55,80,89760,90480
1,0,64,80,89760,90480
1,0,73,80,89760,90000
1,0,83,80,89760,89920
1,0,71,80,89920,90080
1,0,76,80,90000,90240
1,0,76,80,90080,90240
1,0,74,80,90240,90480
1,0,83,80,90240,90400
1,0,71,80,90400,90560
2,0,55,80,90480,90720
1,0,64,80,90480,90720
1,0,73,80,90480,90720
1,0,73,80,90560,90720
2,0,59,80,90720,91200
1,0,66,80,90720,91200
1,0,74,80,90720,91200
1,0,83,80,90720,90880
1,0,71,80,90880,91040
1,0,74,80,91040,91680
2,0,35,80,91200,91920
2,0,47,80,91200,91920
1,0,83,80,91200,91360
1,0,71,80,91360,91520
1,0,74,80,91520,91680
1,0,83,80,91680,91840
1,0,71,80,91840,92000
2,0,35,80,91920,92160
2,0,47,80,91920,92160
1,0,74,80,92000,92160
2,0,31,80,92160,92640
2,0,43,80,92160,92640
1,0,74,80,92160,92640
1,0,83,80,92160,92320
1,0,71,80,92320,92480
1,0,74,80,92480,92640
2,0,33,80,92640,93120
2,0,45,80,92640,93120
1,0,73,80,92640,93120
1,0,81,80,92640,92800
1,0,69,80,92800,92960
1,0,73,80,92960,93120
2,0,35,80,93120,93480
2,0,47,80,93120,93480
1,0,71,80,93120,93600
1,0,79,80,93120,93280
1,0,67,80,93280,93440
1,0,71,80,93440,93600
2,0,37,80,93480,93600
2,0,49,80,93480,93600
2,0,38,80,93600,93960
2,0,50,80,93600,93960
1,0,69,80,93600,94080
1,0,78,80,93600,93760
1,0,66,80,93760,93920
1,0,69,80,93920,94080
2,0,40,80,93960,94080
2,0,52,80,93960,94080
2,0,42,80,94080,94560
2,0,54,80,94080,94560
1,0,66,80,94080,94560
1,0,74,80,94080,94240
1,0,62,80,94240,94400
1,0,69,80,94400,94560
2,0,37,80,94560,95040
2,0,49,80,94560,95040
1,0,76,80,94560,95040
1,0,79,80,94560,94720
1,0,67,80,94720,94880
1,0,71,80,94880,95040
2,0,38,80,95040,95400
2,0,50,80,95040,95400
1,0,74,80,95040,95520
1,0,78,80,95040,95200
1,0,66,80,95200,95360
1,0,71,80,95360,95520
2,0,40,80,95400,95520
2,0,52,80,95400,95520
2,0,42,80,95520,96000
2,0,54,80,95520,96000
1,0,71,80,95520,96000
1,0,78,80,95520,95680
1,0,66,80,95680,95840
1,0,74,80,95840,96000
2,0,30,80,96000,96480
2,0,42,80,96000,96480
1,0,70,80,96000,96480
1,0,78,80,96000,96160
1,0,66,80,96160,96320
1,0,73,80,96320,96480
2,0,35,80,96480,96960
2,0,47,80,96480,96960
1,0,71,80,96480,96800
1,0,83,80,96480,96640
1,0,71,80,96640,97280
1,0,78,80,96800,96960
2,0,55,80,96960,97680
1,0,64,80,96960,97680
1,0,83,80,96960,97120
1,0,71,80,97120,97440
1,0,76,80,97280,97440
1,0,83,80,97440,97600
1,0,71,80,97600,97760
2,0,55,80,97680,97920
1,0,64,80,97680,97920
1,0,73,80,97760,97920
2,0,59,80,97920,98400
1,0,66,80,97920,98400
1,0,83,80,97920,98080
1,0,71,80,98080,98240
1,0,74,80,98240,98400
2,0,35,80,98400,99120
2,0,47,80,98400,99120
1,0,83,80,98400,98560
1,0,71,80,98560,98720
1,0,74,80,98720,98880
1,0,83,80,98880,99040
1,0,71,80,99040,99200
2,0,35,80,99120,99360
2,0,47,80,99120,99360
1,0,74,80,99200,99360
2,0,40,80,99360,99600
2,0,52,80,99360,99600
1,0,83,80,99360,99520
1,0,71,80,99520,99680
2,0,55,80,99600,99840
1,0,64,80,99600,99840
1,0,79,80,99680,99840
2,0,59,80,99840,100080
1,0,66,80,99840,100080
1,0,83,80,99840,100000
1,0,71,80,100000,100160
1,0,64,80,100080,100320
1,0,67,80,100080,100320
1,0,76,80,100160,100320
2,0,59,80,100320,100560
1,0,66,80,100320,100560
1,0,83,80,100320,100480
1,0,71,80,100480,100640
2,0,55,80,100560,100800
1,0,64,80,100560,100800
1,0,73,80,100640,100800
2,0,59,80,100800,101040
1,0,66,80,100800,101040
1,0,83,80,100800,100960
1,0,71,80,100960,101120
2,0,35,80,101040,101280
2,0,47,80,101040,101280
1,0,74,80,101120,101280
2,0,37,80,101280,101520
2,0,49,80,101280,101520
1,0,83,80,101280,101440
1,0,71,80,101440,101600
2,0,38,80,101520,101760
2,0,50,80,101520,101760
1,0,74,80,101600,101760
2,0,37,80,101760,102000
2,0,49,80,101760,102000
1,0,83,80,101760,101920
1,0,71,80,101920,102080
2,0,35,80,102000,102240
2,0,47,80,102000,102240
1,0,74,80,102080,102240
2,0,40,80,102240,102480
2,0,52,80,102240,102480
1,0,83,80,102240,102400
1,0,71,80,102400,102560
2,0,55,80,102480,102720
1,0,64,80,102480,102720
1,0,79,80,102560,102720
2,0,59,80,102720,102960
1,0,66,80,102720,102960
1,0,83,80,102720,102880
1,0,71,80,102880,103040
1,0,64,80,102960,103200
1,0,67,80,102960,103200
1,0,76,80,103040,103200
2,0,59,80,103200,103440
1,0,66,80,103200,103440
1,0,83,80,103200,103360
1,0,71,80,103360,103520
2,0,55,80,103440,103680
1,0,64,80,103440,103680
1,0,73,80,103520,103680
2,0,54,80,103680,103920
1,0,62,80,103680,103920
1,0,83,80,103680,103840
1,0,71,80,103840,104000
2,0,55,80,103920,104160
1,0,64,80,103920,104160
1,0,76,80,104000,104160
2,0,54,80,104160,104400
1,0,62,80,104160,104400
1,0,83,80,104160,104320
1,0,71,80,104320,104480
2,0,52,80,104400,104640
1,0,61,80,104400,104640
1,0,73,80,104480,104640
2,0,50,80,104640,104880
2,0,59,80,104640,104880
1,0,78,80,104640,104800
1,0,66,80,104800,104960
2,0,52,80,104880,105120
1,0,61,80,104880,105120
1,0,73,80,104960,105120
2,0,50,80,105120,105360
2,0,59,80,105120,105360
1,0,78,80,105120,105280
1,0,66,80,105280,105440
2,0,49,80,105360,105600
2,0,57,80,105360,105600
1,0,69,80,105440,105600
2,0,47,80,105600,105840
2,0,55,80,105600,105840
1,0,74,80,105600,105760
1,0,62,80,105760,105920
2,0,49,80,105840,106080
2,0,57,80,105840,106080
1,0,69,80,105920,106080
2,0,47,80,106080,106320
2,0,55,80,106080,106320
1,0,74,80,106080,106240
1,0,62,80,106240,106400
2,0,45,80,106320,106560
2,0,54,80,106320,106560
1,0,66,80,106400,106560
2,0,43,80,106560,107520
2,0,52,80,106560,107520
1,0,71,80,106560,106720
2,0,59,80,106720,106880
1,0,61,80,106880,107040
1,0,71,80,107040,107200
2,0,59,80,107200,107360
1,0,61,80,107360,107520
2,0,42,80,107520,108000
2,0,50,80,107520,108000
1,0,71,80,107520,107680
2,0,59,80,107680,107840
1,0,62,80,107840,108000
2,0,42,80,108000,108480
2,0,50,80,108000,108480
1,0,71,80,108000,108160
2,0,59,80,108160,108320
1,0,62,80,108320,108480
2,0,41,80,108480,109440
2,0,49,80,108480,109440
1,0,71,80,108480,108640
2,0,59,80,108640,108800
1,0,61,80,108800,108960
1,0,71,80,108960,109120
2,0,59,80,109120,109280
1,0,61,80,109280,109440
2,0,42,80,109440,110880
2,0,49,80,109440,110880
1,0,71,80,109440,109600
2,0,59,80,109600,109760
1,0,61,80,109760,109920
1,0,66,80,109920,110080
2,0,59,80,110080,110240
1,0,61,80,110240,110400
1,0,66,80,110400,110560
2,0,59,80,110560,110720
1,0,61,80,110720,110880
2,0,42,80,110880,112320
2,0,49,80,110880,112320
1,0,66,80,110880,111040
2,0,58,80,111040,111200
1,0,61,80,111200,111360
1,0,66,80,111360,111520
2,0,58,80,111520,111680
1,0,61,80,111680,111840
1,0,66,80,111840,112000
2,0,54,80,112000,112160
1,0,61,80,112160,112320
2,0,35,80,112320,112560
2,0,59,80,112320,112560
1,0,63,80,112320,112560
1,0,66,80,112320,113520
2,0,54,80,112560,112800
1,0,61,80,112560,112800
2,0,35,80,112800,113040
2,0,59,80,112800,113040
1,0,63,80,112800,113040
2,0,42,80,113040,113280
2,0,54,80,113040,113520
1,0,61,80,113040,113520
1,0,66,80,113040,113760
2,0,54,80,113520,113760
1,0,66,80,113520,113760
2,0,35,80,113760,114000
2,0,59,80,113760,114000
1,0,63,80,113760,114000
1,0,66,80,113760,114480
1,0,68,80,113760,114240
2,0,54,80,114000,114240
1,0,61,80,114000,114240
2,0,35,80,114240,114480
2,0,59,80,114240,114480
1,0,63,80,114240,114480
1,0,66,80,114240,114960
2,0,42,80,114480,114720
2,0,54,80,114480,114960
1,0,61,80,114480,114960
1,0,66,80,114480,115200
2,0,54,80,114960,115200
2,0,35,80,115200,115440
2,0,59,80,115200,115440
1,0,63,80,115200,115440
1,0,66,80,115200,116400
1,0,71,80,115200,115920
2,0,54,80,115440,115680
1,0,61,80,115440,115680
2,0,35,80,115680,115920
2,0,59,80,115680,115920
1,0,63,80,115680,115920
2,0,42,80,115920,116160
2,0,54,80,115920,116400
1,0,61,80,115920,116400
1,0,66,80,115920,116640
2,0,54,80,116400,116640
1,0,64,80,116400,116640
2,0,35,80,116640,116880
2,0,59,80,116640,116880
1,0,63,80,116640,116880
1,0,63,80,116640,117120
1,0,66,80,116640,118080
2,0,54,80,116880,117120
1,0,61,80,116880,117120
2,0,35,80,117120,117360
2,0,59,80,117120,117360
1,0,63,80,117120,117360
2,0,42,80,117360,117600
2,0,54,80,117360,117840
1,0,61,80,117360,117840
2,0,54,80,117840,118080
2,0,35,80,118080,118320
2,0,59,80,118080,118320
1,0,63,80,118080,118320
1,0,66,80,118080,118800
1,0,66,80,118080,119280
2,0,54,80,118320,118560
1,0,61,80,118320,118560
2,0,35,80,118560,118800
2,0,59,80,118560,118800
1,0,63,80,118560,118800
2,0,42,80,118800,119040
2,0,54,80,118800,119280
1,0,61,80,118800,119280
1,0,66,80,118800,119520
2,0,54,80,119280,119520
1,0,66,80,119280,119520
2,0,35,80,119520,119760
2,0,59,80,119520,119760
1,0,63,80,119520,119760
1,0,66,80,119520,120960
1,0,69,80,119520,120240
2,0,54,80,119760,120000
1,0,61,80,119760,120000
2,0,35,80,120000,120240
2,0,59,80,120000,120240
1,0,63,80,120000,120240
2,0,42,80,120240,120480
2,0,54,80,120240,120720
1,0,61,80,120240,120720
1,0,69,80,120240,120720
2,0,54,80,120720,120960
1,0,69,80,120720,120960
2,0,35,80,120960,121200
2,0,59,80,120960,121200
2,0,59,80,120960,121200
1,0,63,80,120960,121200
1,0,66,80,120960,121680
1,0,69,80,120960,121020
1,0,71,80,120960,121020
1,0,73,80,120960,121680
2,0,54,80,121200,121440
1,0,61,80,121200,121440
2,0,35,80,121440,121680
2,0,59,80,121440,121680
1,0,63,80,121440,121680
2,0,47,80,121680,121920
2,0,51,80,121680,122160
2,0,59,80,121680,122160
1,0,66,80,121680,122160
1,0,71,80,121680,122160
1,0,69,80,122160,122400
1,0,71,80,122160,122400
2,0,28,80,122400,122640
2,0,40,80,122400,122640
2,0,40,80,122400,122640
2,0,47,80,122400,122640
1,0,64,80,122400,123120
1,0,68,80,122400,122640
1,0,68,80,122400,122880
1,0,71,80,122400,122640
1,0,66,80,122640,122880
1,0,69,80,122640,122880
2,0,28,80,122880,123120
2,0,40,80,122880,123120
1,0,68,80,122880,123120
1,0,71,80,122880,123120
2,0,52,80,123120,123360
2,0,56,80,123120,123360
2,0,59,80,123120,123840
2,0,51,80,123360,123600
2,0,54,80,123360,123600
2,0,52,80,123600,123840
2,0,56,80,123600,123840
2,0,28,80,123840,124080
2,0,40,80,123840,124080
2,0,40,80,123840,124080
2,0,47,80,123840,124080
1,0,64,80,123840,124560
1,0,68,80,123840,124080
1,0,71,80,123840,124080
1,0,71,80,123840,124560
1,0,66,80,124080,124320
1,0,69,80,124080,124320
2,0,28,80,124320,124560
2,0,40,80,124320,124560
2,0,40,80,124320,124560
2,0,47,80,124320,124560
1,0,68,80,124320,124560
1,0,71,80,124320,124560
2,0,52,80,124560,124800
2,0,56,80,124560,124800
2,0,59,80,124560,125280
1,0,71,80,124560,124800
2,0,51,80,124800,125040
2,0,54,80,124800,125040
1,0,69,80,124800,125040
2,0,52,80,125040,125280
2,0,56,80,125040,125280
1,0,68,80,125040,125280
2,0,28,80,125280,125520
2,0,40,80,125280,125520
2,0,40,80,125280,125520
2,0,47,80,125280,125520
1,0,64,80,125280,126000
1,0,68,80,125280,125520
1,0,71,80,125280,125520
1,0,71,80,125280,126000
1,0,66,80,125520,125760
1,0,69,80,125520,125760
2,0,28,80,125760,126000
2,0,40,80,125760,126000
2,0,40,80,125760,126000
2,0,47,80,125760,126000
1,0,68,80,125760,126000
1,0,71,80,125760,126000
2,0,52,80,126000,126240
2,0,56,80,126000,126240
2,0,59,80,126000,126720
2,0,51,80,126240,126480
2,0,54,80,126240,126480
1,0,68,80,126240,126480
2,0,52,80,126480,126720
2,0,56,80,126480,126720
1,0,68,80,126480,126720
2,0,28,80,126720,126960
2,0,37,80,126720,126960
2,0,40,80,126720,126960
2,0,49,80,126720,126960
1,0,65,80,126720,127440
1,0,68,80,126720,126960
1,0,71,80,126720,126960
1,0,71,80,126720,127440
1,0,66,80,126960,127200
1,0,70,80,126960,127200
2,0,28,80,127200,127440
2,0,37,80,127200,127440
2,0,40,80,127200,127440
2,0,49,80,127200,127440
1,0,68,80,127200,127440
1,0,71,80,127200,127440
2,0,53,80,127440,127680
2,0,56,80,127440,127680
2,0,59,80,127440,128160
1,0,71,80,127440,127680
2,0,51,80,127680,127920
2,0,54,80,127680,127920
1,0,70,80,127680,127920
2,0,53,80,127920,128160
2,0,56,80,127920,128160
1,0,68,80,127920,128160
2,0,28,80,128160,128400
2,0,37,80,128160,128400
2,0,40,80,128160,128400
2,0,49,80,128160,128400
1,0,65,80,128160,128880
1,0,68,80,128160,128400
1,0,71,80,128160,128400
1,0,71,80,128160,128880
1,0,66,80,128400,128640
1,0,70,80,128400,128640
2,0,28,80,128640,128880
2,0,37,80,128640,128880
2,0,40,80,128640,128880
2,0,49,80,128640,128880
1,0,68,80,128640,128880
1,0,71,80,128640,128880
2,0,53,80,128880,129120
2,0,56,80,128880,129120
2,0,59,80,128880,129600
2,0,51,80,129120,129360
2,0,54,80,129120,129360
2,0,53,80,129360,129600
2,0,56,80,129360,129600
2,0,30,80,129600,129840
2,0,42,80,129600,129840
1,0,64,80,129600,130320
1,0,70,80,129600,129840
1,0,73,80,129600,129840
1,0,73,80,129600,130320
1,0,69,80,129840,130080
1,0,72,80,129840,130080
2,0,30,80,130080,130320
2,0,42,80,130080,130320
1,0,70,80,130080,130320
1,0,73,80,130080,130320
2,0,42,80,130320,130560
2,0,54,80,130320,130560
1,0,61,80,130320,130560
1,0,64,80,130320,130560
1,0,66,80,130320,131040
1,0,71,80,130320,130800
1,0,60,80,130560,130800
1,0,63,80,130560,130800
2,0,42,80,130800,131040
2,0,54,80,130800,131040
1,0,61,80,130800,131040
1,0,64,80,130800,131040
1,0,70,80,130800,131040
2,0,30,80,131040,131280
2,0,42,80,131040,131280
1,0,66,80,131040,131760
1,0,73,80,131040,131280
1,0,76,80,131040,131280
1,0,76,80,131040,131760
1,0,72,80,131280,131520
1,0,75,80,131280,131520
2,0,30,80,131520,131760
2,0,42,80,131520,131760
1,0,73,80,131520,131760
1,0,76,80,131520,131760
2,0,42,80,131760,132000
2,0,54,80,131760,132000
1,0,61,80,131760,132000
1,0,64,80,131760,132000
1,0,70,80,131760,132480
1,0,73,80,131760,132240
1,0,60,80,132000,132240
1,0,63,80,132000,132240
2,0,42,80,132240,132480
2,0,54,80,132240,132480
1,0,61,80,132240,132480
1,0,64,80,132240,132480
1,0,70,80,132240,132480
2,0,30,80,132480,132720
2,0,42,80,132480,132720
1,0,71,80,132480,132720
1,0,74,80,132480,132720
1,0,74,80,132480,132960
1,0,80,80,132480,133200
1,0,70,80,132720,132960
1,0,73,80,132720,132960
2,0,30,80,132960,133200
2,0,42,80,132960,133200
1,0,71,80,132960,133200
1,0,71,80,132960,133200
1,0,74,80,132960,133200
2,0,42,80,133200,133440
2,0,54,80,133200,133440
1,0,62,80,133200,133440
1,0,65,80,133200,133920
1,0,68,80,133200,133680
1,0,71,80,133200,133920
1,0,61,80,133440,133680
2,0,42,80,133680,133920
2,0,54,80,133680,133920
1,0,62,80,133680,133920
1,0,65,80,133680,133920
2,0,30,80,133920,134160
2,0,42,80,133920,134160
1,0,66,80,133920,134640
1,0,70,80,133920,134160
1,0,73,80,133920,134160
1,0,78,80,133920,134640
1,0,69,80,134160,134400
1,0,72,80,134160,134400
2,0,30,80,134400,134640
2,0,42,80,134400,134640
1,0,70,80,134400,134640
1,0,73,80,134400,134640
2,0,42,80,134640,134880
2,0,54,80,134640,134880
1,0,66,80,134640,135360
1,0,70,80,134640,135360
1,0,76,80,134640,134880
1,0,75,80,134880,135120
1,0,76,80,135120,135360
2,0,30,80,135360,135600
2,0,42,80,135360,135600
1,0,64,80,135360,135600
1,0,70,80,135360,136080
1,0,73,80,135360,136080
1,0,63,80,135600,135840
2,0,30,80,135840,136080
2,0,42,80,135840,136080
1,0,64,80,135840,136080
2,0,42,80,136080,136320
2,0,54,80,136080,136320
1,0,61,80,136080,136800
1,0,64,80,136080,136800
1,0,70,80,136080,136320
1,0,69,80,136320,136560
1,0,70,80,136560,136800
2,0,30,80,136800,137040
2,0,42,80,136800,137040
2,0,58,80,136800,137520
1,0,64,80,136800,137040
1,0,66,80,136800,138240
1,0,63,80,137040,137280
2,0,30,80,137280,137520
2,0,42,80,137280,137520
1,0,64,80,137280,137520
2,0,42,80,137520,137760
2,0,48,80,137520,137760
2,0,57,80,137520,138240
1,0,63,80,137520,137760
1,0,64,80,137760,138000
1,0,63,80,138000,138240
2,0,30,80,138240,138480
2,0,42,80,138240,138480
2,0,58,80,138240,138960
1,0,64,80,138240,138480
1,0,66,80,138240,139680
1,0,63,80,138480,138720
2,0,30,80,138720,138960
2,0,42,80,138720,138960
1,0,64,80,138720,138960
2,0,42,80,138960,139200
2,0,48,80,138960,139200
2,0,57,80,138960,139680
1,0,63,80,138960,139200
1,0,64,80,139200,139440
1,0,63,80,139440,139680
2,0,42,80,139680,139920
2,0,49,80,139680,139920
2,0,58,80,139680,140400
1,0,64,80,139680,139920
1,0,66,80,139680,140400
1,0,63,80,139920,140160
1,0,64,80,140160,140400
2,0,42,80,140400,140640
2,0,54,80,140400,140640
2,0,58,80,140400,140880
1,0,63,80,140400,140640
1,0,66,80,140400,140880
1,0,64,80,140640,140880
2,0,54,80,140880,141120
1,0,61,80,140880,141120
1,0,66,80,140880,141120
2,0,35,80,141120,141360
2,0,47,80,141120,141360
2,0,59,80,141120,141360
1,0,63,80,141120,141360
1,0,66,80,141120,141840
1,0,66,80,141120,141840
2,0,54,80,141360,141600
1,0,61,80,141360,141600
2,0,35,80,141600,141840
2,0,47,80,141600,141840
2,0,59,80,141600,141840
1,0,63,80,141600,141840
2,0,42,80,141840,142080
2,0,54,80,141840,142080
2,0,54,80,141840,142320
1,0,61,80,141840,142320
1,0,64,80,141840,142320
1,0,66,80,141840,142320
2,0,54,80,142320,142560
1,0,61,80,142320,142560
1,0,66,80,142320,142560
2,0,35,80,142560,142800
2,0,47,80,142560,142800
2,0,59,80,142560,142800
1,0,63,80,142560,142800
1,0,66,80,142560,143280
1,0,66,80,142560,143280
2,0,54,80,142800,143040
1,0,61,80,142800,143040
2,0,35,80,143040,143280
2,0,47,80,143040,143280
2,0,59,80,143040,143280
1,0,63,80,143040,143280
2,0,42,80,143280,143520
2,0,54,80,143280,143520
2,0,54,80,143280,143760
1,0,61,80,143280,143760
1,0,64,80,143280,143760
1,0,66,80,143280,143760
2,0,54,80,143760,144000
1,0,61,80,143760,144000
1,0,66,80,143760,144000
2,0,35,80,144000,144240
2,0,47,80,144000,144240
2,0,59,80,144000,144240
1,0,63,80,144000,144240
1,0,66,80,144000,144720
1,0,71,80,144000,144720
2,0,54,80,144240,144480
1,0,61,80,144240,144480
2,0,35,80,144480,144720
2,0,47,80,144480,144720
2,0,59,80,144480,144720
1,0,63,80,144480,144720
2,0,42,80,144720,144960
2,0,54,80,144720,144960
2,0,54,80,144720,145200
1,0,61,80,144720,145200
1,0,66,80,144720,145200
1,0,70,80,144720,145200
2,0,54,80,145200,145440
1,0,66,80,145200,145440
1,0,70,80,145200,145440
2,0,35,80,145440,145680
2,0,47,80,145440,145680
2,0,59,80,145440,145680
1,0,63,80,145440,145680
1,0,66,80,145440,146160
1,0,71,80,145440,145920
2,0,54,80,145680,145920
1,0,61,80,145680,145920
2,0,35,80,145920,146160
2,0,47,80,145920,146160
2,0,59,80,145920,146160
1,0,63,80,145920,146160
2,0,42,80,146160,146400
2,0,54,80,146160,146400
2,0,54,80,146160,146640
1,0,61,80,146160,146640
1,0,66,80,146160,146640
2,0,54,80,146640,146880
1,0,66,80,146640,146880
2,0,35,80,146880,147120
2,0,47,80,146880,147120
2,0,59,80,146880,147120
1,0,63,80,146880,147120
1,0,66,80,146880,147600
1,0,66,80,146880,147600
2,0,54,80,147120,147360
1,0,61,80,147120,147360
2,0,35,80,147360,147600
2,0,47,80,147360,147600
2,0,59,80,147360,147600
1,0,63,80,147360,147600
2,0,42,80,147600,147840
2,0,54,80,147600,147840
2,0,54,80,147600,148080
1,0,61,80,147600,148080
1,0,66,80,147600,148080
1,0,66,80,147600,148080
2,0,54,80,148080,148320
1,0,66,80,148080,148320
1,0,66,80,148080,148320
2,0,35,80,148320,148560
2,0,47,80,148320,148560
2,0,59,80,148320,148560
1,0,63,80,148320,148560
1,0,66,80,148320,149040
1,0,69,80,148320,149040
2,0,54,80,148560,148800
1,0,61,80,148560,148800
2,0,35,80,148800,149040
2,0,47,80,148800,149040
2,0,59,80,148800,149040
1,0,63,80,148800,149040
2,0,42,80,149040,149280
2,0,54,80,149040,149280
2,0,54,80,149040,149520
1,0,61,80,149040,149520
1,0,66,80,149040,149520
1,0,69,80,149040,149520
2,0,54,80,149520,149760
1,0,66,80,149520,149760
1,0,69,80,149520,149760
2,0,35,80,149760,150000
2,0,47,80,149760,150000
2,0,59,80,149760,150000
2,0,59,80,149760,150000
1,0,63,80,149760,150000
1,0,66,80,149760,150480
1,0,69,80,149760,149820
1,0,71,80,149760,149820
1,0,73,80,149760,150480
2,0,54,80,150000,150240
1,0,61,80,150000,150240
2,0,35,80,150240,150480
2,0,47,80,150240,150480
2,0,59,80,150240,150480
1,0,63,80,150240,150480
2,0,47,80,150480,150720
2,0,51,80,150480,150960
2,0,54,80,150480,150720
2,0,59,80,150480,150960
1,0,66,80,150480,150960
1,0,71,80,150480,150960
1,0,69,80,150960,151200
1,0,71,80,150960,151200
2,0,28,80,151200,151440
2,0,40,80,151200,151440
2,0,40,80,151200,151440
2,0,47,80,151200,151440
1,0,64,80,151200,151680
1,0,68,80,151200,151440
1,0,68,80,151200,151680
1,0,71,80,151200,151440
1,0,66,80,151440,151680
1,0,69,80,151440,151680
2,0,28,80,151680,151920
2,0,40,80,151680,151920
1,0,64,80,151680,151920
1,0,68,80,151680,151920
1,0,71,80,151680,151920
2,0,52,80,151920,152160
2,0,56,80,151920,152160
2,0,59,80,151920,152640
2,0,51,80,152160,152400
2,0,54,80,152160,152400
2,0,52,80,152400,152640
2,0,56,80,152400,152640
2,0,28,80,152640,152880
2,0,40,80,152640,152880
2,0,40,80,152640,152880
2,0,47,80,152640,152880
1,0,64,80,152640,153120
1,0,68,80,152640,152880
1,0,71,80,152640,152880
1,0,71,80,152640,153360
1,0,66,80,152880,153120
1,0,69,80,152880,153120
2,0,28,80,153120,153360
2,0,40,80,153120,153360
2,0,40,80,153120,153360
2,0,47,80,153120,153360
1,0,64,80,153120,153360
1,0,68,80,153120,153360
1,0,71,80,153120,153360
2,0,52,80,153360,153600
2,0,56,80,153360,153600
2,0,59,80,153360,154080
1,0,71,80,153360,153600
2,0,51,80,153600,153840
2,0,54,80,153600,153840
1,0,69,80,153600,153840
2,0,52,80,153840,154080
2,0,56,80,153840,154080
1,0,68,80,153840,154080
2,0,28,80,154080,154320
2,0,40,80,154080,154320
2,0,40,80,154080,154320
2,0,47,80,154080,154320
1,0,64,80,154080,154560
1,0,68,80,154080,154320
1,0,71,80,154080,154320
1,0,71,80,154080,154800
1,0,66,80,154320,154560
1,0,69,80,154320,154560
2,0,28,80,154560,154800
2,0,40,80,154560,154800
2,0,40,80,154560,154800
2,0,47,80,154560,154800
1,0,64,80,154560,154800
1,0,68,80,154560,154800
1,0,71,80,154560,154800
2,0,52,80,154800,155040
2,0,56,80,154800,155040
2,0,59,80,154800,155520
2,0,51,80,155040,155280
2,0,54,80,155040,155280
2,0,52,80,155280,155520
2,0,56,80,155280,155520
1,0,68,80,155280,155520
2,0,28,80,155520,155760
2,0,37,80,155520,155760
2,0,40,80,155520,155760
2,0,49,80,155520,155760
1,0,65,80,155520,156000
1,0,68,80,155520,155760
1,0,71,80,155520,155760
1,0,71,80,155520,156240
1,0,66,80,155760,156000
1,0,70,80,155760,156000
2,0,28,80,156000,156240
2,0,37,80,156000,156240
2,0,40,80,156000,156240
2,0,49,80,156000,156240
1,0,65,80,156000,156240
1,0,68,80,156000,156240
1,0,71,80,156000,156240
2,0,53,80,156240,156480
2,0,56,80,156240,156480
2,0,59,80,156240,156960
1,0,71,80,156240,156480
2,0,51,80,156480,156720
2,0,54,80,156480,156720
1,0,70,80,156480,156720
2,0,53,80,156720,156960
2,0,56,80,156720,156960
1,0,68,80,156720,156960
2,0,28,80,156960,157200
2,0,37,80,156960,157200
2,0,40,80,156960,157200
2,0,49,80,156960,157200
1,0,65,80,156960,157440
1,0,68,80,156960,157200
1,0,71,80,156960,157200
1,0,71,80,156960,157680
1,0,66,80,157200,157440
1,0,70,80,157200,157440
2,0,28,80,157440,157680
2,0,37,80,157440,157680
2,0,40,80,157440,157680
2,0,49,80,157440,157680
1,0,65,80,157440,157680
1,0,68,80,157440,157680
1,0,71,80,157440,157680
2,0,53,80,157680,157920
2,0,56,80,157680,157920
2,0,59,80,157680,158400
2,0,51,80,157920,158160
2,0,54,80,157920,158160
2,0,53,80,158160,158400
2,0,56,80,158160,158400
2,0,30,80,158400,158640
2,0,42,80,158400,158640
1,0,64,80,158400,158880
1,0,70,80,158400,158640
1,0,73,80,158400,158640
1,0,73,80,158400,159120
1,0,69,80,158640,158880
1,0,72,80,158640,158880
2,0,30,80,158880,159120
2,0,42,80,158880,159120
1,0,64,80,158880,159120
1,0,70,80,158880,159120
1,0,73,80,158880,159120
2,0,42,80,159120,159360
2,0,54,80,159120,159360
1,0,61,80,159120,159360
1,0,64,80,159120,159360
1,0,66,80,159120,159840
1,0,71,80,159120,159600
1,0,60,80,159360,159600
1,0,63,80,159360,159600
2,0,42,80,159600,159840
2,0,54,80,159600,159840
1,0,61,80,159600,159840
1,0,64,80,159600,159840
1,0,70,80,159600,159840
2,0,30,80,159840,160080
2,0,42,80,159840,160080
1,0,66,80,159840,160320
1,0,73,80,159840,160080
1,0,76,80,159840,160080
1,0,76,80,159840,160560
1,0,72,80,160080,160320
1,0,75,80,160080,160320
2,0,30,80,160320,160560
2,0,42,80,160320,160560
1,0,66,80,160320,160560
1,0,73,80,160320,160560
1,0,76,80,160320,160560
2,0,42,80,160560,160800
2,0,54,80,160560,160800
1,0,61,80,160560,160800
1,0,64,80,160560,160800
1,0,70,80,160560,161280
1,0,73,80,160560,161040
1,0,60,80,160800,161040
1,0,63,80,160800,161040
2,0,42,80,161040,161280
2,0,54,80,161040,161280
1,0,61,80,161040,161280
1,0,64,80,161040,161280
2,0,35,80,161280,161760
1,0,75,80,161280,161520
1,0,78,80,161280,161520
1,0,78,80,161280,162000
1,0,66,80,161520,161760
2,0,39,80,161760,162000
1,0,71,80,161760,162000
1,0,75,80,161760,162000
2,0,39,80,162000,162240
1,0,63,80,162000,162240
1,0,75,80,162000,162480
2,0,32,80,162240,162720
2,0,44,80,162240,162720
1,0,68,80,162240,162480
1,0,71,80,162240,162480
2,0,59,80,162480,162720
1,0,71,80,162480,162720
2,0,37,80,162720,163200
1,0,73,80,162720,162960
1,0,76,80,162720,162960
1,0,76,80,162720,163440
1,0,64,80,162960,163200
2,0,40,80,163200,163440
1,0,68,80,163200,163440
1,0,73,80,163200,163440
2,0,40,80,163440,163680
1,0,61,80,163440,163680
1,0,73,80,163440,163920
2,0,34,80,163680,164160
2,0,46,80,163680,164160
1,0,64,80,163680,163920
1,0,68,80,163680,163920
2,0,56,80,163920,164160
1,0,68,80,163920,164160
2,0,39,80,164160,164640
1,0,67,80,164160,164400
1,0,73,80,164160,164400
1,0,73,80,164160,164640
1,0,61,80,164400,164640
2,0,44,80,164640,164880
1,0,68,80,164640,164880
1,0,71,80,164640,164880
1,0,71,80,164640,164880
2,0,37,80,164880,165600
2,0,49,80,164880,165600
2,0,59,80,164880,165120
1,0,76,80,164880,165360
1,0,68,80,165120,165360
1,0,71,80,165120,165360
1,0,76,80,165120,165600
1,0,64,80,165360,165600
2,0,30,80,165600,166320
2,0,42,80,165600,166320
2,0,54,80,165600,166320
1,0,71,80,165600,165840
1,0,76,80,165600,165840
1,0,76,80,165600,166320
1,0,80,80,165600,165840
1,0,68,80,165840,166080
1,0,71,80,166080,166320
1,0,76,80,166080,166320
1,0,80,80,166080,166320
2,0,58,80,166320,166800
1,0,63,80,166320,166800
1,0,70,80,166320,166560
1,0,75,80,166320,166560
1,0,75,80,166320,166800
1,0,78,80,166320,166560
1,0,66,80,166560,166800
1,0,61,80,166800,167040
1,0,64,80,166800,167040
1,0,70,80,166800,167040
1,0,73,80,166800,167040
1,0,73,80,166800,167040
1,0,76,80,166800,167040
2,0,35,80,167040,167520
2,0,47,80,167040,167520
1,0,71,80,167040,167520
1,0,75,80,167040,167280
1,0,83,80,167040,167280
1,0,71,80,167280,167520
2,0,39,80,167520,167760
2,0,51,80,167520,167760
1,0,75,80,167520,167760
1,0,78,80,167520,167760
2,0,39,80,167760,168000
2,0,51,80,167760,168000
1,0,66,80,167760,168000
2,0,44,80,168000,168480
1,0,71,80,168000,168240
1,0,75,80,168000,168240
1,0,63,80,168240,168480
2,0,37,80,168480,168960
2,0,49,80,168480,168960
1,0,76,80,168480,168720
1,0,80,80,168480,168720
1,0,68,80,168720,168960
2,0,40,80,168960,169200
2,0,52,80,168960,169200
1,0,73,80,168960,169200
1,0,76,80,168960,169200
2,0,40,80,169200,169440
2,0,52,80,169200,169440
1,0,64,80,169200,169440
2,0,46,80,169440,169920
1,0,64,80,169440,169680
1,0,68,80,169440,169680
2,0,56,80,169680,169920
2,0,39,80,169920,170400
2,0,51,80,169920,170400
1,0,67,80,169920,170160
1,0,73,80,169920,170160
1,0,61,80,170160,170400
2,0,44,80,170400,170640
1,0,68,80,170400,170640
1,0,71,80,170400,170640
2,0,44,80,170640,170880
2,0,59,80,170640,170880
2,0,37,80,170880,171360
2,0,49,80,170880,171360
1,0,64,80,170880,171120
1,0,68,80,170880,171120
2,0,59,80,171120,171360
2,0,42,80,171360,172080
1,0,64,80,171360,171600
1,0,68,80,171360,171840
2,0,58,80,171600,171840
1,0,63,80,171840,172080
1,0,66,80,171840,172320
2,0,30,80,172080,172800
2,0,42,80,172080,172800
2,0,54,80,172080,172320
1,0,61,80,172320,172560
1,0,64,80,172320,172800
2,0,54,80,172560,172800
2,0,35,80,172800,174240
2,0,42,80,172800,174240
2,0,54,80,172800,174240
2,0,59,80,172800,174240
1,0,63,80,172800,174240
